0.5175498060739796, -0.0007347787952220704
0.5174459248243799, -0.0012770651733934844
0.5173998155356226, -0.001439299721419958
0.5171299231866556, -0.002193418080603241
0.5167627512961052, -0.002904087753459366
0.5164207826422319, -0.0034098972857006474
0.5159987949310194, -0.0039309611532937095
0.5155462714992849, -0.004399735115773699
0.5150661254298998, -0.0048254089950787275
0.5145603789829483, -0.0052140962355345915
0.5140305560389545, -0.005570061983530754
0.5134778281397531, -0.005896439223181751
0.5129031052125176, -0.0061956227370497385
0.512307096079144, -0.006469502081168312
0.5116903505770007, -0.006719607766706805
0.5110532898786974, -0.006947207447990402
0.5103962289359942, -0.00715337172417755
0.509719393496689, -0.007339020639499132
0.5090229332797436, -0.007504957463910621
0.5083069323673401, -0.007651893826333895
0.5075714175401655, -0.007780468809585682
0.5068163650660397, -0.007891263729737415
0.5060417063076729, -0.007984813767562628
0.5052473324167344, -0.00806161726187345
0.5044330983126335, -0.008122143237878982
0.5035988260955533, -0.00816683758358741
0.502744308007969, -0.008196128176734794
0.5018693090329871, -0.008210429187004365
0.5009735691985755, -0.008210144722744922
0.50005680564224, -0.008195671951084577
0.49911871447964107, -0.008167403790680025
0.4981589725121133, -0.008125731254248588
0.49717723880140835, -0.00807104550137967
0.4961731561347642, -0.00800373964943904
0.49514635239925425, -0.007924210380622534
0.49409644188105845, -0.007832859375640464
0.4930230265026188, -0.007730094598583738
0.49192569700846434, -0.007616331452842531
0.49080403410870505, -0.00749199382422968
0.48965760958771865, -0.007357515024484472
0.4884859873843252, -0.00721333864593833
0.4872887246487151, -0.007059919336185334
0.4860653727805263, -0.006897723500024676
0.48481547845172546, -0.006727229934655583
0.4835385846173157, -0.006548930403051066
0.4822342315163455, -0.006363330149570828
0.48090195766522087, -0.006170948361161645
0.47954130084490604, -0.005972318576906777
0.47815179908323635, -0.005767989048203449
0.47673299163324556, -0.005558523051451429
0.4752844199481212, -0.0053444991548113885
0.47380562865315146, -0.0051265114403287945
0.47229616651479744, -0.004905169682506795
0.47075558740681867, -0.00468109948424307
0.4691834512732007, -0.004454942370914955
0.4675793250874648, -0.004227355843297587
0.4659427838077925, -0.003999013389928169
0.46427341132726774, -0.0037706044594827542
0.4625708014184165, -0.0035428343937026208
0.46083455867112255, -0.003316424321400238
0.45906429942290294, -0.0030921110140799124
0.4572596526804491, -0.0028706467037269423
0.45542026103126726, -0.0026527988633514715
0.4535457815442, -0.0024393499509119676
0.45163588665755927, -0.0022310971172944533
0.4496902650535707, -0.002028851879075616
0.44770862251780247, -0.0018334397568626343
0.4456906827822399, -0.001645699880064827
0.44363618835066243, -0.0014664845590217496
0.44154490130498897, -0.0012966588254812866
0.4394166040912747, -0.0011370999424939465
0.43725110028406844, -0.000988696884857726
0.4350482153278799, -0.0008523497913198036
0.4328077972545511, -0.0007289693898072103
0.4305297173753825, -0.0006194763970238937
0.42821387094693114, -0.0005248008938126963
0.42586017780946855, -0.00044588167773634835
0.42346858299716983, -0.00038366559438322845
0.4210390573191933, -0.0003391068489498189
0.4185715979109055, -0.00031316629968812515
0.4160662287546072, -0.00030681073484176147
0.4135230011692253, -0.00032101213471583123
0.4109419942685454, -0.000356746920543799
0.4083233153876777, -0.0004149951918235445
0.405672898193678, -0.000498539632143899
0.4030042493120337, -0.0006112586241429768
0.40032613433621783, -0.0007538034599131882
0.39764073073077455, -0.0009243834716310961
0.3949471222361173, -0.0011206168424021251
0.39224705817943323, -0.0013410563108179202
0.38953478766637817, -0.0015830761463086762
0.386811418256874, -0.0018460317537731114
0.3840887146835894, -0.0021301852373792757
0.38136831245871927, -0.002433793844290752
0.37864903631034785, -0.0027549697497365466
0.3759293094326882, -0.00309216478357717
0.373210285833544, -0.003444199369290399
0.37049143524803263, -0.0038098949264988857
0.36777639692202935, -0.004188199084287997
0.3650560201948545, -0.004578185144722233
0.3623308165851258, -0.004979585466814748
0.3596160845826019, -0.0053908278904134105
0.35691284812155766, -0.005810358598340198
0.35421476232991034, -0.006237422292710987
0.35152247472684006, -0.006671143229035184
0.3488357783900191, -0.007110651167979695
0.34615522245872654, -0.007555169386231297
0.343483584668998, -0.0080034217502193
0.3408214138251055, -0.008454487990671583
0.33815993662052385, -0.008909213695375146
0.3354993995373785, -0.009367414292917015
0.3328552778687867, -0.009825192874421948
0.33022351764359764, -0.010282381649835429
0.32760080549983317, -0.010739016738495769
0.3249834006349754, -0.01119548427629699
0.32237526753830914, -0.011650323727934675
0.31977312682580783, -0.012103866932654778
0.3171771760876485, -0.012555773981288113
0.3145998183825438, -0.013001585975357666
0.31202602748286745, -0.01344535850729281
0.30945590619744495, -0.013886985133701929
0.3069049093846225, -0.014320596552153758
0.30435794015261336, -0.014750893420893377
0.30181507498677, -0.015177787980017565
0.2992917404030178, -0.015594875817456097
0.29677279234609655, -0.016007473042474213
0.2942582851981913, -0.01641550951850544
0.291763608280353, -0.016812072365570696
0.28927359018701654, -0.017203063810304994
0.28678826689359893, -0.01758843012873293
0.28432047080872197, -0.01796194523940911
0.28185499537220804, -0.018330200302622307
0.2793943391567805, -0.01869203297603597
0.2769538021642483, -0.019039580770546183
0.27451820757036105, -0.01937982957500281
0.2720875662786705, -0.019712751543490364
0.2696682636952639, -0.020034737992556353
0.26726035577395263, -0.02034545445139728
0.26485743109060456, -0.020648011846661693
0.26245949056061363, -0.020942394668241063
0.2600747088526695, -0.021223730856120185
0.2577012154026469, -0.021492748335182
0.2553307952464163, -0.021753927562250072
0.25296533880920424, -0.022006181634226366
0.25061108687426753, -0.022245512518426325
0.24826806436400398, -0.022471648869558436
0.24593524528747715, -0.0226943589667421
0.24361775962499985, -0.022920093438735203
0.24133034582728147, -0.023139391642893442
0.23907281282676707, -0.02335209345727475
0.23684494509340137, -0.023558007158556618
0.23464653340337469, -0.023756944543335975
0.2324766001939078, -0.023949246758286857
0.23032729930652232, -0.024140008040803435
0.22819917864214925, -0.02432879879334289
0.22609963019400198, -0.024510276008407952
0.22402629951773723, -0.024685801066284194
0.22197562693846848, -0.024857687410929502
0.21994959457845203, -0.025024344881255475
0.21793939162082587, -0.02519197349882872
0.21594482489942052, -0.025360763632205297
0.213977651342848, -0.025521892426106002
0.21203772901990678, -0.02567518099794945
0.21011975611137024, -0.025824360738395544
0.20822358289722365, -0.025969406944022444
0.20634539260081694, -0.02611306189565761
0.20448503366814955, -0.026255394265826362
0.202651134451436, -0.026389551860105456
0.20083267775564084, -0.02652392314973842
0.19902951869879137, -0.02665861897809342
0.1972523767004206, -0.0267850206709304
0.19549626584749927, -0.026906878739269877
0.19376107210944615, -0.027024157684858635
0.19203672974406177, -0.02714482393478103
0.19032310016468776, -0.027269055471206616
0.18863482184992722, -0.02738483114228868
0.1869718116685751, -0.027492011475131334
0.18532286552262608, -0.027599637599943674
0.1836878691613722, -0.027707795615487696
0.18207780552439573, -0.027807252126958115
0.1804811151523199, -0.027907481346675755
0.17889769086698323, -0.028008568423339916
0.17733889156026092, -0.028100863073497087
0.17579248869661823, -0.028194528364508017
0.1742583800334078, -0.028289653535329723
0.17274861107607067, -0.028375917423357863
0.17125167519743886, -0.02846298122452917
0.16976747955850474, -0.028550916826333872
0.1683073722209997, -0.028629918252586706
0.16685645787400014, -0.028712647888043147
0.16541463557244568, -0.02879921809875277
0.16399664244307371, -0.028876849435665403
0.16259647126856155, -0.028950622068046536
0.16121406541683808, -0.02902053468001825
0.15984043623381156, -0.029094287601336893
0.15847548992842211, -0.029171979638741186
0.15713402990082337, -0.02924068360188123
0.1558036386790765, -0.029311113784763476
0.15448423847602427, -0.029383336945400115
0.1531881485706698, -0.029446559611989623
0.15190036856136538, -0.029513784104956114
0.15062081131845284, -0.02958509620827504
0.1493643817987311, -0.02964743833274469
0.14811689302520575, -0.029713127543153153
0.14687826510017388, -0.02978223776774265
0.14566260829997743, -0.0298424112237161
0.14445511590849164, -0.029906511719851855
0.1432557071613978, -0.029974613015086415
0.14207912308961593, -0.030033829277937796
0.140911551044611, -0.030096150542191114
0.13975291825176103, -0.030161641022952768
0.13861698990879998, -0.030218306788699315
0.1374885443731359, -0.030279333425353466
0.13636750217769014, -0.030344788508338064
0.1352690435837526, -0.030401503565510843
0.13417787445541945, -0.03046268031979328
0.13309391624032554, -0.0305283830908005
0.13203243305547716, -0.030585445938458147
0.13097805177982477, -0.030647075546106337
0.12993069440921623, -0.030713333366888057
0.12890571470356063, -0.030771067906866095
0.12788765409765496, -0.0308334795541597
0.12687643478864907, -0.030900627243520773
0.12588750593375872, -0.030959385858056368
0.12490531711583706, -0.031022938150366955
0.12392979040182896, -0.031091340847197294
0.12297353504025342, -0.031153969631850326
0.12202166657598118, -0.031223320436395183
0.12107704021108442, -0.03129698363099197
0.12015452932828694, -0.0313625756773241
0.11923838168665336, -0.03143321008783474
0.11832851810269833, -0.03150894023526153
0.11743937278441896, -0.031577878135077356
0.11655507345535082, -0.0316530838561255
0.1156768667217484, -0.03173351577060016
0.11482017271634018, -0.03180663897548877
0.11396901080257556, -0.03188545322355747
0.11312376009046801, -0.03196963419813077
0.11229605218060953, -0.03204984281215771
0.1114747060794875, -0.03213505908719158
0.1106640326986632, -0.03222185632641514
0.10986161460429668, -0.03231214135402119
0.10906738903953637, -0.03240597489621186
0.10828972453873724, -0.03249682716662319
0.10751993111180626, -0.03259152792236415
0.10676320567595399, -0.03268607932266318
0.10601181114650463, -0.03278644967559621
0.10526565895551625, -0.03289268695737496
0.10453708588991613, -0.03299541452133463
0.10381274530819451, -0.03310479109849314
0.10309665739614132, -0.03321777622319039
0.10239398556082202, -0.03333053480107752
0.10170471227694294, -0.033443172716009995
0.1010202800499059, -0.03356202865831662
0.10034059357158538, -0.03368714903031525
0.09967434094728671, -0.0338122089463211
0.09902140993956007, -0.0339373916157374
0.09837292290529595, -0.03406910027895729
0.09772887410361282, -0.034207312456745645
0.0970970259722286, -0.034346532574807534
0.09647734849847742, -0.03448687495919471
0.09586187894285852, -0.03463391462769945
0.09525051234451143, -0.034787696275508484
0.09465395722645954, -0.03494089068225742
0.09406537900947096, -0.03509824621852499
0.09348556850074265, -0.03525926111179016
0.09291133964634428, -0.03542608661019582
0.09234825106909966, -0.03559506365507943
0.09178875626000152, -0.0357711850990691
0.0912327402025252, -0.03595449370739279
0.09069243187049786, -0.03613711293024874
0.09015607358774391, -0.036326671289767784
0.08962887051830677, -0.036519872261157785
0.08910476939471419, -0.03672053505249437
0.08858364712562139, -0.0369287006415627
0.0880832832777667, -0.03713346869280197
0.08758575088983776, -0.037345947230697465
0.08709092170908138, -0.037566175778037975
0.08660492789352106, -0.037790470282282704
0.08612769594703952, -0.038018949559256415
0.08565283661433516, -0.038255378696456
0.08518021435604592, -0.03849979516718979
0.0847264997046392, -0.038742694243959735
0.08427336206417366, -0.03899462120218257
0.08382213147450744, -0.03925476728957222
0.0833838079295227, -0.039517050318245664
0.08295186085999746, -0.03978517369001558
0.08252407239735113, -0.040060363305634034
0.08210684003505926, -0.04033924051669678
0.08169093444865598, -0.04062674466931475
0.08127620218694265, -0.04092290663912129
0.08086876998587184, -0.041224550203683874
0.08046853638183592, -0.04153180112968821
0.08006907130552036, -0.04184791105354567
0.07967021285479665, -0.042172907036740245
0.07928876921792534, -0.04249862626443136
0.07890567865270937, -0.04283441600416686
0.07852278071629717, -0.043179317309616355
0.07815231950231882, -0.04352761331680839
0.07778424020478628, -0.043884075423725785
0.07742515382318371, -0.0442457331526247
0.07706569774096445, -0.04461684531503736
0.07670569199169847, -0.04499742919721278
0.07635109405368194, -0.045384871546522876
0.07600176995567155, -0.04577929528608607
0.07565140865929507, -0.04618337108286669
0.07529982107641787, -0.0465971101471669
0.07496454751932716, -0.047013436877171896
0.0746258836844656, -0.047440393710604045
0.07428549737561342, -0.0478772279254015
0.07395443266005233, -0.04831968990408919
0.07362745778767973, -0.048769893831109065
0.07329596840261128, -0.04923103030030451
0.07296488210670361, -0.04970122018045588
0.07264089557400463, -0.05017810860447364
0.07232386864370843, -0.05066188279046431
0.07200386991864761, -0.05115600817480957
0.07168068383029738, -0.05166047464103854
0.07135843755392227, -0.052173878158356335
0.07103694061911656, -0.052696292649950155
0.07071607599910754, -0.053227767863396364
0.07039564805344141, -0.053768376297205864
0.0700751025605016, -0.05431829361801782
0.06975423593628204, -0.05487758149436697
0.06943402558917425, -0.05544597490303438
0.06911426937860161, -0.05602355739023866
0.06879046819090004, -0.056611534495533106
0.06846238935391205, -0.05720989202787667
0.06814499968207965, -0.05781487584337981
0.06781762770807509, -0.058431698184061326
0.06748428566837786, -0.05905923029187954
0.06716347265047741, -0.05969324253935959
0.06683442214437534, -0.0603385550674065
0.06649871639442492, -0.060994687269918774
0.06616580779703268, -0.06165964358317101
0.0658354836806401, -0.06233358891819153
0.06549780234649279, -0.06301848660904669
0.06515250308227921, -0.06371426678865919
0.06480351893168809, -0.06442015537601353
0.06445060187331429, -0.06513617573443739
0.06409405939324841, -0.0658622698024472
0.06373364005817846, -0.06659846830098733
0.06336703287375588, -0.0673450888325446
0.06299397487658884, -0.06810210458172673
0.06262145264670332, -0.06886861453784333
0.06224921725955269, -0.06964476754614253
0.061867051772095255, -0.07043176350029459
0.061474677620988225, -0.07122949115621822
0.06107464195552436, -0.072037596449662
0.06066666931604055, -0.07285603182380915
0.060257040764915906, -0.07368428275400321
0.059845484974122724, -0.07452246570133553
0.05942234747425816, -0.07537122351398878
0.05898734196196484, -0.07623041628888783
0.05854480927895805, -0.07709973467487433
0.0580944635735684, -0.07797915305789525
0.05763416515332375, -0.07886869392197374
0.05716362453926175, -0.07976827212437562
0.05668909282841912, -0.08067778149894873
0.05621027257131667, -0.08159730820607061
0.05571757044294088, -0.0825268257479162
0.05521069401647765, -0.08346615165789315
0.054693651881934285, -0.08441524692957866
0.05416614431355129, -0.08537403942692566
0.05362718397341091, -0.08634243397273118
0.05307647016488298, -0.08732032830767555
0.05251609947292179, -0.08830778996382663
0.05194576187629834, -0.08930477535844943
0.05135917364241568, -0.09031074634487977
0.05075604364199318, -0.09132547353385205
0.050151984922608396, -0.09235038024857974
0.04952594882241578, -0.09338337251840467
0.04888247552891946, -0.09442464935938308
0.048239631561049594, -0.09547638809991174
0.047576447285091625, -0.09653598308024387
0.046894911035582, -0.09760344117307801
0.04620364247725113, -0.09867994019783152
0.04550230083986989, -0.09976547318529828
0.044781679483915704, -0.10085844700740364
0.04404149755623127, -0.10195856772054641
0.043285439382038396, -0.10306635488435213
0.04251497928363515, -0.10417713071865763
0.0417292110022915, -0.10528197671974124
0.040929863874724914, -0.10637669528842975
0.04011732245416412, -0.1074606567960795
0.03927486632398533, -0.10852958914583068
0.038422758216009004, -0.10958819236343785
0.03755795308440671, -0.11063570833046923
0.036660756606424844, -0.11166649381137134
0.03575127956070211, -0.11268573834446596
0.034829655637476586, -0.11369345234215965
0.0338809828713796, -0.11468487147805616
0.03292164904838256, -0.1156647831876419
0.03194722617189044, -0.11663169709687085
0.030948629107951445, -0.11758226680806604
0.029934251717352242, -0.11851902278466359
0.028900561127961674, -0.11944044904714307
0.027858921254299895, -0.120350551269537
0.026806537426134328, -0.12124830953159699
0.025724564353782856, -0.12212602151585067
0.024632297709196754, -0.12299099660967142
0.023529862611676305, -0.12384326760655755
0.02240033046941721, -0.12467531161092713
0.021262709236962107, -0.12549505617740492
0.020115464494072144, -0.12630183142554374
0.01894030609723127, -0.12708684570692397
0.017755989822526685, -0.12785853125413893
0.016562635367155895, -0.12861693190765144
0.015346789117721887, -0.1293550627680849
0.014121888663353274, -0.1300794414037659
0.012883577719412398, -0.13078766790589033
0.011630072944918829, -0.13147850636345887
0.0103616232578186, -0.13215178356307677
0.009085277590571775, -0.13281127099183526
0.0078011442679100235, -0.13345702422576688
0.006491999799318068, -0.13407850119639503
0.005175550626063355, -0.13468593764984044
0.0038519019265744747, -0.13527939373202924
0.002504185359592001, -0.13584782055788283
0.0011497573157624036, -0.13640197703379753
-0.00021128044995115391, -0.1369419276483702
-0.0015954259529430276, -0.13745612658940648
-0.002985688592903782, -0.13795584581259548
-0.00438197029826376, -0.13844115390654432
-0.005798226082315297, -0.13890162577059653
-0.0072179042987125935, -0.13934910755577684
-0.008643091561534158, -0.13978209034749794
-0.010089499760968818, -0.1401880637603623
-0.011540919128211424, -0.14057929395107402
-0.01299726260992301, -0.14095585640772365
-0.014473825370672239, -0.14130477466378785
-0.015954811316475956, -0.14163879624856995
-0.017440137785252205, -0.1419579998227219
-0.018944668521685373, -0.14224895457831568
-0.020453036220318854, -0.14252487740639605
-0.021965162792442358, -0.1427858498421724
-0.023495466044008637, -0.1430179989395923
-0.025029022361773193, -0.1432349984724056
-0.026565758392290584, -0.14343693254257223
-0.028119518763156173, -0.14360961429805344
-0.029675842385384107, -0.1437671652765704
-0.031234775349758548, -0.1439095576735807
-0.03280945775455968, -0.144022446697218
-0.034385910821786894, -0.14412039223613543
-0.03596441962999049, -0.144203112736915
-0.037557978709564996, -0.14425548623331283
-0.039153083503432745, -0.14429247748253227
-0.040749676376100066, -0.14431417607449942
-0.042360249371830125, -0.14430507124023562
-0.043971799381970614, -0.14428053014783312
-0.04558427394915324, -0.1442406436110392
-0.047209649181635796, -0.1441695267248495
-0.04883543709393787, -0.14408293413198045
-0.05046159046233553, -0.1439809575279946
-0.05209955627879875, -0.14384735304783497
-0.05373737505772777, -0.14369824737016607
-0.0553750048429173, -0.1435337327267965
-0.057023350618807145, -0.1433372219839136
-0.05867099446016914, -0.14312519791042472
-0.060317899690442794, -0.1428977529261995
-0.0619744167048676, -0.1426379728407565
-0.06362968186362238, -0.14236268005635616
-0.06528366376008414, -0.14207196683105602
-0.06694614594978944, -0.14174860865536779
-0.06860683144760993, -0.14140975059323005
-0.07026569408524606, -0.14105548439022847
-0.0719319386818369, -0.14066829248514254
-0.07359584689914253, -0.14026562511415533
-0.07525739775359583, -0.13984757315981974
-0.07692520580871372, -0.13939634380927884
-0.0785901429658688, -0.1389296744615087
-0.08025219335059569, -0.1384476547864405
-0.08191937015368438, -0.13793223505480492
-0.08358426084609508, -0.13739883300609346
-0.08524675684537604, -0.13684749693083204
-0.08691310930672093, -0.1362625126362367
-0.08857540135689505, -0.135662137530363
-0.09023362412525306, -0.13504646022963882
-0.09189455931429397, -0.13439697664884676
-0.09355091008232748, -0.1337321738993595
-0.09520267235781861, -0.13305213852741204
-0.09685599827342734, -0.13233816806177517
-0.09850423801744304, -0.1316089047180497
-0.10014739006745416, -0.130864432016386
-0.10179094972705711, -0.13008592384810538
-0.10343005192584342, -0.12928810395814228
-0.10506454186992131, -0.12847101182811868
-0.10669762671197625, -0.1276214660966827
-0.10832398767282457, -0.1267585407435638
-0.10994409271252777, -0.1258806144764742
-0.11156215617981877, -0.12496851559161583
-0.11317370809553523, -0.12404019377737047
-0.11477871075398757, -0.12309571755810039
-0.11638043949896233, -0.12211705145432608
-0.11797489876637852, -0.12112309140188549
-0.11956208533628482, -0.12011391054640919
-0.12114480576366433, -0.1190705650407029
-0.12272020117193938, -0.11800850782549835
-0.12428813279643441, -0.11692779216068297
-0.12585021287618234, -0.11581294503240724
-0.1274037071533645, -0.11468348387149183
-0.1289486327457493, -0.11353948215446827
-0.13048653205680766, -0.11236145050087026
-0.13201534533079287, -0.11116896412686826
-0.1335350929693597, -0.10996209250386632
-0.1350466383894109, -0.10872132312489485
-0.13654867555389721, -0.10746395981393561
-0.1380411361177845, -0.10619006583154289
-0.13952409153230705, -0.10488243413005224
-0.14099684327477335, -0.10356068753028924
-0.14245941575183876, -0.10222488979006314
-0.14391130573040584, -0.1008555550913927
-0.14535231450233083, -0.09946740675274904
-0.1467822726895453, -0.09806051317741168
-0.14820023776788252, -0.0966225583262087
-0.14960696974843063, -0.09517311427918554
-0.15100239376147356, -0.09371000739968771
-0.15238463569327904, -0.09221387548724769
-0.1537543387812937, -0.09069767736249965
-0.15511126621616794, -0.08916149731648118
-0.15645458855921712, -0.08760105553468928
-0.1577838929994676, -0.08601646391057854
-0.1591004641308681, -0.08441869458418316
-0.16040433059922546, -0.08280780083166173
-0.16169202338391028, -0.0811646901859977
-0.16296610610984252, -0.07950663578074658
-0.16422652591685977, -0.07783370257424747
-0.1654694902255347, -0.07612896872488077
-0.16669850747309334, -0.0744110267924418
-0.16791358477459456, -0.07267992841067396
-0.16911001225374486, -0.07091746971602145
-0.1702903516011708, -0.06913613816139154
-0.17145436334519676, -0.06733605019765253
-0.1726005419048623, -0.06551309592820082
-0.1737284730550268, -0.0636674481347009
-0.1748411504679735, -0.06180986711704671
-0.1759386029341221, -0.059940395633324026
-0.17701444370248362, -0.058040805026907394
-0.178073463426784, -0.05612659696696287
-0.17911556471759763, -0.054197855700586675
-0.1801347387132597, -0.052239621913411735
-0.1811375230176625, -0.05027013478237065
-0.18212394514330316, -0.048289431879024416
-0.1830863091018637, -0.04627984368005569
-0.184028933732607, -0.044252946174355115
-0.18495157335590506, -0.0422088956673765
-0.1858524241108963, -0.040144632227163454
-0.18673110419012273, -0.038060383033897194
-0.18759202678323636, -0.035965793742136445
-0.188435216688059, -0.03386089793347351
-0.18925149741195751, -0.0317288056205621
-0.1900460995431485, -0.029580568682628317
-0.19081877924415805, -0.027416366115955382
-0.19156748665537005, -0.025233353367491745
-0.1922918483697571, -0.023031792240836527
-0.19299709778593627, -0.020820923206300163
-0.1936832559975358, -0.018600776677830486
-0.19433972708816427, -0.01635537755500356
-0.1949722192072572, -0.014094609780949313
-0.19558046716257538, -0.01181869324878114
-0.19616416319837746, -0.009527813564063195
-0.19672304274419677, -0.00722219919531171
-0.19725689615167286, -0.004902175664550923
-0.1977654654447109, -0.00256797589357452
-0.19824814715912023, -0.0002194237134864191
-0.19870466753075178, 0.0021432260131750286
-0.1991360473669777, 0.004518154182108505
-0.19954208562273762, 0.006905155558184731
-0.1999171575094178, 0.009310130492151195
-0.20026705655792407, 0.011725724492262668
-0.20058842568851326, 0.014155182369634936
-0.20088733556191957, 0.01659148310314329
-0.2011637787045063, 0.019034583809783165
-0.2014045661900359, 0.02149750209549567
-0.20161527587924957, 0.023973621309237983
-0.20179558347861276, 0.026462576240958546
-0.20195284632089938, 0.028956922935228765
-0.2020870699992422, 0.0314566327062383
-0.20218390175680098, 0.03397416268199266
-0.2022490948888624, 0.036503463223746827
-0.2022823322820112, 0.039044134058664304
-0.20229162641618054, 0.04158904959459782
-0.20227697889647728, 0.04413817890041309
-0.20222328109998006, 0.046702981697088086
-0.20213713938460875, 0.049277434911868825
-0.20201827186807533, 0.05186113509461093
-0.20187462404581136, 0.054447885036166155
-0.2017061929340051, 0.05703765195766665
-0.20149717660022384, 0.05964084310700446
-0.2012518111203753, 0.06225364390270868
-0.20097389154064044, 0.06487291040608527
-0.20066506129597314, 0.06749713444552986
-0.20032095222423038, 0.07012849988193184
-0.19995090145431804, 0.07276101737337855
-0.19955490126175512, 0.07539464744816902
-0.1991162964467205, 0.0780382391560929
-0.19864288968239155, 0.0806866934310751
-0.19813445691526757, 0.08333956748930343
-0.19759757382284396, 0.08599310155437102
-0.19703218568537947, 0.08864716687290193
-0.19642289030871374, 0.0913085393425449
-0.19578084725864683, 0.09397132283843589
-0.19510592041018637, 0.0966351979718952
-0.1943890905896139, 0.09930340685957507
-0.19364381678023032, 0.10196985775466007
-0.1928672347703645, 0.10463550255132503
-0.19204535130967557, 0.10730504170873922
-0.19119557234443635, 0.10997151278164122
-0.19031788066924296, 0.11263486055535997
-0.1893943587284984, 0.11530055755208973
-0.18843004113758038, 0.11796609704517037
-0.18742893078688477, 0.1206296208043514
-0.18639431567623296, 0.12328973121298609
-0.18532186730252492, 0.125947173534196
-0.1842185769694235, 0.1285997224220164
-0.18308439733504345, 0.13124720415640223
-0.18190319075547007, 0.13389274452518796
-0.18068694115667566, 0.13653301839983206
-0.17943556490525409, 0.13916765037146583
-0.17813912127557732, 0.1417978519124585
-0.1768139021107778, 0.1444202938303673
-0.17545747849248283, 0.14703524183645694
-0.17405330279865153, 0.14964447527285069
-0.172612047952981, 0.1522458357670541
-0.17113364598054057, 0.15483885313842702
-0.1696155006240816, 0.1574232289606749
-0.1680575427414247, 0.15999835819317362
-0.1664699070583452, 0.16256311586654354
-0.16485257284089194, 0.16511741122816115
-0.16318699624771987, 0.16766148871757142
-0.16147528306061348, 0.17019429047568896
-0.15973480144293917, 0.17271502516823517
-0.1579633682997493, 0.1752235942254431
-0.15614358213738244, 0.17771915324763687
-0.1542817185917704, 0.18020096579580147
-0.1523782971767053, 0.18266832640889957
-0.15044545020982486, 0.18512148518780258
-0.14848264954078733, 0.18756030673005064
-0.14647156903583938, 0.1899826163124666
-0.144419399242093, 0.1923882255685881
-0.14232618942830755, 0.19477642747800838
-0.14020308155386269, 0.19714821273241578
-0.13805006641198828, 0.1995034577524884
-0.1358490774900084, 0.20183864897790132
-0.1336054076388555, 0.20415372632629714
-0.13132340110249507, 0.20644878412257273
-0.1290059122649388, 0.20872385630254583
-0.12664881115288557, 0.2109774489144861
-0.1242620098956828, 0.21321144146951643
-0.12184550810558324, 0.21542568851767313
-0.11938187254560037, 0.21761484967983577
-0.11687187936637104, 0.2197779844143438
-0.11433314446971887, 0.22191970981010864
-0.11176514953006228, 0.22403972392246524
-0.10915075913904197, 0.22613162328108016
-0.10649526104697418, 0.22819618610094455
-0.10380224866518409, 0.23023391134888396
-0.10107686130652978, 0.23224618961169846
-0.09831589810101138, 0.2342312197805117
-0.09551566864867576, 0.23618667911278046
-0.09267644681609367, 0.23811179639637942
-0.08980910211800916, 0.24001093611213986
-0.08691366378135884, 0.241883926597051
-0.08397412362179613, 0.24372210729277302
-0.080995695181089, 0.24552697101990587
-0.07798117331859204, 0.24729907789653197
-0.07493796779786596, 0.24904190108994317
-0.07186378146113842, 0.25075371641654054
-0.06874727269494284, 0.25242683584630854
-0.06560394446114877, 0.2540699018749836
-0.062433854064352104, 0.25568271367756995
-0.059222468363929234, 0.25725484743789134
-0.05597039944324615, 0.2587852359135011
-0.05269273770329175, 0.2602835692818055
-0.049389551097745454, 0.2617496509118357
-0.04604683975396605, 0.2631720443383241
-0.042668337960181144, 0.26455220385628786
-0.0392610003720197, 0.2658946811588012
-0.03582215695505109, 0.2671964096223674
-0.03235667713918747, 0.26846071084973444
-0.02886478749230284, 0.26968721337325297
-0.02533644902036676, 0.2708655965738272
-0.021781587101858665, 0.2720039297633905
-0.0182005063180527, 0.2731017814563494
-0.01458471838952001, 0.27414933315688444
-0.010947127852120958, 0.27515880114425734
-0.007287850764926829, 0.27612997108311466
-0.003595433820771113, 0.27704901055136216
0.00012922204984397445, 0.27791496346194455
0.003874050802493409, 0.2787408026694323
0.00763891508051355, 0.27952631132696876
0.011434306133852046, 0.280256963643258
0.015259250525882187, 0.2809318452466979
0.01910257182377642, 0.28156463486313393
0.022964110589386952, 0.28215511490850254
0.026853346246330317, 0.2826881261858042
0.03076856683684094, 0.28316386555672546
0.03469959806787104, 0.2835967073094466
0.03864695215205159, 0.2839853894146591
0.042619051213016165, 0.2843141810308105
0.046614782006306144, 0.2845822653662302
0.05062489447344663, 0.2848045642358425
0.05464918670074091, 0.2849808620213774
0.05869497740169409, 0.28509492531058467
0.06276108541070949, 0.28514599540413127
0.06683928949373397, 0.28514952596981413
0.07092936425375879, 0.28510530616937924
0.07503748554748939, 0.28499667146365537
0.07916240675692648, 0.28482292683114063
0.08329697525297303, 0.28459999251719076
0.08744094209935353, 0.2843276645525661
0.09159930494789753, 0.2839889221933532
0.09577075468818373, 0.2835831396473326
0.09994944294057753, 0.28312592017460314
0.10413505143958851, 0.28261705298233425
0.10833115082563523, 0.2820399474457939
0.1125363724055863, 0.28139405405730744
0.1167458039501015, 0.28069601875015593
0.12095914849778927, 0.27994565953004086
0.12517895958906783, 0.2791254824583636
0.12940381363963316, 0.278235018154523
0.13363037624830543, 0.2772880594510526
0.1378581228826236, 0.27628439545154426
0.14208785560963955, 0.2752095050436741
0.14631775692047372, 0.2740673130301162
0.15054638269115267, 0.27286137638807584
0.1547726883315923, 0.2715929141860045
0.1589958851307468, 0.2702578487440834
0.16321471529619322, 0.26886759801828974
0.16742881935040316, 0.2674220290047081
0.17163727205538332, 0.26590355093476503
0.1758385238202274, 0.2643119461825997
0.1800318284234863, 0.26265973991264785
0.18421648537555785, 0.2609468102479069
0.1883904552589083, 0.2591603532747095
0.19255319341287172, 0.2573090028261764
0.1967037119775332, 0.255392675654072
0.20084028596055975, 0.2534068794051243
0.20496204400072848, 0.2513540699616376
0.20906901186397397, 0.24924033046312633
0.21315993950904052, 0.24706314505489202
0.21723149207091513, 0.2448121973442718
0.22128615606483631, 0.2425038877740393
0.22532347391334412, 0.24013817821436495
0.2293381783365318, 0.2376988544911513
0.233328630963369, 0.23518607054064825
0.2372953318635732, 0.23260644405656394
0.24123710908631546, 0.22996011083275913
0.2451543459959687, 0.2272514660628588
0.24904618386137733, 0.22448061396781158
0.2529073289324291, 0.22163722630338453
0.2567401898371652, 0.21873082477720657
0.2605438170652443, 0.21576158615527485
0.26431280377967814, 0.2127206668320643
0.2680523129022832, 0.20962180176965675
0.2717617341683107, 0.20646510544185528
0.27543305978857335, 0.20323764272889622
0.27906465898066424, 0.1999399209359452
0.28265986238411955, 0.19658058259203484
0.2862176923161211, 0.19315994448587204
0.2897318502294125, 0.18967042968290507
0.2932089993771235, 0.18612458277913216
0.29664850689282585, 0.18252261750107654
0.30004092056012865, 0.17885316066525347
0.30338465652749685, 0.17511692808662893
0.306682624068804, 0.1713201623954182
0.3099337213105628, 0.16746339808891786
0.3131348527667349, 0.16354497527733083
0.3162847443800476, 0.15956558367139972
0.31939127512705706, 0.15553553076723026
0.3224540270802555, 0.15145501204946984
0.3254599389669198, 0.14731210569993403
0.3284075203903456, 0.14310775148951915
0.33129529862208806, 0.13884292557174774
0.33412386323191223, 0.13452039360596144
0.3368954386028886, 0.13014396263523736
0.3396069022458563, 0.12571269660225318
0.34226317019892, 0.1212321018939562
0.3448635643168868, 0.11670270579462794
0.34739733538884265, 0.11211806166291872
0.34986313970387617, 0.10747933510333732
0.3522636595825132, 0.1027902894531555
0.35459785871132726, 0.09805190055863933
0.35686750079678475, 0.0932668173792344
0.3590717608010335, 0.08843587413151144
0.3612026821131735, 0.08355614082672695
0.3632634995873487, 0.07863118694650845
0.3652532894397767, 0.07366206777144356
0.36717012243666164, 0.06864940571486874
0.3690130671084717, 0.06359435282790311
0.3707847637601161, 0.05849955224108578
0.37248450927858207, 0.05336595165880194
0.3741042512129622, 0.04819185123973223
0.37564298246699807, 0.04297870126690995
0.3771096817862041, 0.037731155088061116
0.3785038484663894, 0.032450032652246955
0.37981482595140686, 0.02713338703746558
0.3810417278650078, 0.021782721917355793
0.38218370347523006, 0.01639955809083117
0.3832399383206576, 0.010985432258195454
0.3842176348039791, 0.005543418748302317
0.38511634014630924, 7.45300999767523e-05
0.38592750791899844, -0.005421408891896573
0.3866504583561539, -0.010942829981007304
0.3872845498623917, -0.016488155436912497
0.387829179410775, -0.022055799448403135
0.3882869071030943, -0.02764395650493366
0.3886572970864827, -0.033251249984481146
0.3889367842356149, -0.03887638388963573
0.389124916055162, -0.04451776150271025
0.38922479521525455, -0.050173826749600026
0.3892361314135972, -0.05584323547516834
0.38915511927401336, -0.06152445781137665
0.38898145668864026, -0.06721591039824187
0.38871488077061916, -0.07291601517971971
0.38835516769866374, -0.0786232009747562
0.3879021324943495, -0.08433590505118936
0.3873556287296985, -0.09005257469856179
0.3867155481627016, -0.09577166879564519
0.38598182029850225, -0.10149165936822681
0.38515441187407584, -0.10721103313246169
0.3842333262643597, -0.11292829301885533
0.3832186028079459, -0.11864195967172071
0.3821103160506151, -0.12435057291874067
0.380908574905187, -0.13005269320507384
0.3796135217263823, -0.13574690298627098
0.3782253312996278, -0.14143180807411346
0.3767442097429999, -0.14710603892935786
0.37517039332178387, -0.15276825189526733
0.3735041471754261, -0.15841713036572816
0.3717457639569766, -0.16405138588170032
0.3698955623854536, -0.1696697591497224
0.36795388571191, -0.17527102097618774
0.3659211001003456, -0.18085397311113552
0.3637975929249747, -0.18641744899534252
0.3615837709857419, -0.19196031440456734
0.3592800586443631, -0.19748146798488594
0.35688689588355343, -0.2029798416731511
0.354407104263262, -0.20845503362611595
0.351842699879976, -0.21390585571104032
0.34919281805872887, -0.21932982388824415
0.34645667411496717, -0.2247243541997267
0.34363356653966515, -0.2300867644681805
0.34072288008020113, -0.23541427610561283
0.33772408871067006, -0.24070401605121877
0.33463675848450514, -0.24595301886343934
0.33147573184893586, -0.2511712997218257
0.3282403692194722, -0.25635714347324046
0.32493001396518756, -0.26150865725684574
0.32154411758451873, -0.26662400557478455
0.31808212118300655, -0.2717011687934704
0.3145435753983615, -0.2767381967054257
0.31092802767689753, -0.2817329494008638
0.30723513528283297, -0.2866833698342246
0.3034645600254944, -0.2915872067197755
0.2996160724426954, -0.29644230670163474
0.2956894558813196, -0.3012463188682487
0.29168459965933247, -0.305997007199526
0.28760141469768374, -0.31069193623994223
0.28343991314207717, -0.3153288045480079
0.27920013808510175, -0.31990511102034314
0.27488222677328367, -0.32441851007914235
0.27048635734252735, -0.3288664581055597
0.2660127923595248, -0.3332465910467052
0.2614618459131764, -0.3375563504048757
0.2568339038600758, -0.34179338379889806
0.2521294150535634, -0.34595514998015886
0.24734894801373158, -0.35003947487723824
0.2424930761906861, -0.3540438793300434
0.23756406652116074, -0.3579699444070086
0.23256241529828908, -0.36181551528797135
0.22748705131063646, -0.36557465736915434
0.2223387912925291, -0.3692451019572049
0.21711844107250783, -0.37282490435291415
0.21182693042586553, -0.37631196554279445
0.20646515097040713, -0.3797045380469717
0.2010341383785073, -0.3830007280666762
0.19553486114597637, -0.38619901643272003
0.18996701963943263, -0.38929216366758973
0.18433197338653803, -0.39227867732441163
0.17863249179678153, -0.3951626552257734
0.17286968490943344, -0.39794311254001685
0.1670423682190546, -0.40060558024148046
0.16115397688154487, -0.40315755569070116
0.1552060520634357, -0.40559803525067817
0.14920004925631014, -0.40792520023332224
0.14313797815578697, -0.41014082163715837
0.13702062797486156, -0.41223706444907027
0.13085118397502798, -0.41422487913527334
0.124630983209223, -0.4161043404073751
0.11836032315899578, -0.41785412683743345
0.1120429517794315, -0.41949656770229465
0.10568016486954748, -0.42103093554286214
0.09927324336290556, -0.42243526716518637
0.09282505148045964, -0.42373209170741816
0.08633698327527417, -0.42492201614967134
0.07981129082650681, -0.42598357481320565
0.07325022832834002, -0.4269298322675524
0.0666557387303669, -0.4277616123671544
0.06002996006390825, -0.42847917773798977
0.05337480087992297, -0.42908348915261646
0.046692446201644866, -0.42957402194469224
0.03998479660652904, -0.4299518700072302
0.033253689296425054, -0.43021934912785825
0.02650081755787384, -0.43037763702796705
0.0197293178311604, -0.430419265329339
0.01293949203015679, -0.43035589947331004
0.00613314024650248, -0.4301865031213633
-0.0006861725323470125, -0.42990231554409597
-0.007518809346700281, -0.42951520916245295
-0.014363633755599098, -0.4290265843285123
-0.021216976933810208, -0.42842777155238276
-0.028077375959408596, -0.42772051728128735
-0.034943800101713246, -0.42690756805214203
-0.041815463905351694, -0.4259916919757576
-0.0486912060011121, -0.42497371101735176
-0.05556997469461192, -0.423854475520346
-0.062451198652936635, -0.42263585543588866
-0.06933451808127426, -0.42131972996408273
-0.07621979758479447, -0.4199079817488195
-0.08310714042092975, -0.41840249083473946
-0.08999690446489783, -0.41680512830715716
-0.0968897202728769, -0.41511774951485336
-0.10378651170365429, -0.4133421867478508
-0.11068851965493222, -0.4114802412052846
-0.1175973295901287, -0.40953367403894825
-0.12451490368234344, -0.40750419619139555
-0.13144361859317752, -0.4053934566569931
-0.13838631014703198, -0.40320302867055235
-0.1453463264717097, -0.40093439315737145
-0.15232759157356907, -0.39858891854053147
-0.1593346818259941, -0.396167835666246
-0.1663729185064943, -0.3936722061312037
-0.17344848036130914, -0.39110288160924106
-0.18056854125531902, -0.3884604507739865
-0.18774143933071835, -0.38574516893694366
-0.1949768857907284, -0.3829568633109841
-0.2022862234387276, -0.38009480345925845
-0.2096827473019632, -0.3771575213410353
-0.2171821015916821, -0.37414255734871893
-0.22480276767532084, -0.3710460960975845
-0.23256665369125085, -0.36786243564693744
-0.24049978098960656, -0.36458320181045256
-0.24863301986955405, -0.3611961686219012
-0.2570027213036885, -0.35768346886778996
-0.2656508433057558, -0.354018872358278
-0.2746236129060614, -0.35016370711273503
-0.28396658316450163, -0.3460610769216129
-0.2937117480471464, -0.34162895767400353
-0.3038496759212988, -0.336756594096721
-0.31428234130657945, -0.3313197967622929
-0.3247813920936775, -0.32524918930487273
-0.3350457815061479, -0.3186651818706754
-0.34491835420062605, -0.3119298834352816
-0.35450272261016674, -0.3053907679804807
-0.3639674718505211, -0.29908967617328575
-0.3733829076139179, -0.2928429658313625
-0.38273989798078945, -0.2864487390039242
-0.3919940489854701, -0.27975967066998786
-0.40108722518149087, -0.27268050586965353
-0.40995664620095656, -0.2651541337094714
-0.4185390323885476, -0.2571506426779664
-0.4267727193504106, -0.24866000854209236
-0.4345988674213106, -0.23968725896866888
-0.4419622294625933, -0.230249176801534
-0.4488116808540045, -0.22037195162266732
-0.4551006067651821, -0.21008942565663716
-0.46078719349886693, -0.1994417217536636
-0.46583464827904614, -0.1884741241456111
-0.47021136116385565, -0.17723613153277284
-0.47389101771588094, -0.16578063126531561
-0.47685266897138634, -0.15416316115425957
-0.47908076487014467, -0.14244123652800153
-0.4805651578626762, -0.13067372736818314
-0.4813010839595695, -0.11892027540131839
-0.48128912763590104, -0.10724074474402794
-0.4805351734145622, -0.09569470228451368
-0.47905034075409214, -0.08434092535029014
-0.47685089267207514, -0.07323693464974748
-0.47395810608818756, -0.0624385508325302
-0.4703980948440515, -0.051999474033254695
-0.4662015828156121, -0.04197088734186097
-0.4614036308570686, -0.03240108652501915
-0.4560433250873944, -0.023335138901957514
-0.45016343500320033, -0.014814574030997646
-0.4438100490917497, -0.006877108150941225
-0.43703219415010136, 0.0004435964746885984
-0.42988144309392284, 0.007118136824194057
-0.4224115149417861, 0.01312153897510443
-0.4146778699170077, 0.018433392829614217
-0.40673730214869475, 0.023037952165644998
-0.3986475321884302, 0.026924200583371166
-0.39046680141534884, 0.030085883995961335
-0.38225347032797985, 0.03252151038023396
-0.37406562268244326, 0.034234317569331346
-0.3659606774132224, 0.03523220994048791
-0.3579950102536104, 0.0355276649280797
-0.35022358695266237, 0.03513761037530937
-0.34269960996206, 0.0340832738265931
-0.33547418043960753, 0.03239000495676789
-0.328595977386716, 0.030087072433128553
-0.3221109557056375, 0.027207436613413093
-0.31606206492785965, 0.02378749959937202
-0.31048899032584604, 0.019866834294188326
-0.3054279180719307, 0.015487894255403874
-0.300911326043985, 0.010695706294944818
-0.29696780178856547, 0.005537547954232579
-0.2936218890282467, 6.261217220214499e-05
-0.2908939639302432, -0.005678338339431183
-0.2888001421296368, -0.01163332430699765
-0.2873522172180187, -0.017749507811513722
-0.28655763106876403, -0.023973551892718405
-0.28641703468937973, -0.03027063765030405
-0.2869338548988219, -0.03660628205757516
-0.2881132356431067, -0.04292680727371924
-0.28995599052941945, -0.0491778612507474
-0.2924584983045042, -0.05530477101832788
-0.29561263056392884, -0.06125291060153859
-0.2994057140686797, -0.06696808004149252
-0.3038205293860278, -0.07239689160950427
-0.30883534685617, -0.07748715907556417
-0.3144240001663151, -0.0821882858120216
-0.32055599713320504, -0.08645164756973103
-0.3271966666847667, -0.09023096593279833
-0.3343073405091673, -0.0934826687111343
-0.34184556740995287, -0.0961662338390054
-0.3497653580645424, -0.09824451368782261
-0.3580174576194128, -0.09968403705304263
-0.3665496433555957, -0.10045528642449611
-0.3753070445097272, -0.10053294848807791
-0.3842324812286148, -0.09989613612969032
-0.3932668195634261, -0.09852858051686186
-0.40234933937385065, -0.09641879211694511
-0.41141811202279777, -0.09356018976835714
-0.4204591053731694, -0.09032982526812908
-0.429500098723541, -0.08710191076790101
-0.4385410920739126, -0.08387644626767295
-0.44758208542428424, -0.08065343176744488
-0.45662307877465586, -0.07743286726721682
-0.4656640721250275, -0.07421475276698876
-0.4747050654753991, -0.07099908826676068
-0.4837460588257707, -0.06778587376653261
-0.4927870521761423, -0.06457510926630454
-0.5018280455265139, -0.061366794766076475
-0.5108690388768856, -0.058160930265848405
-0.5199100322272573, -0.054957515765620336
-0.528951025577629, -0.05175655126539227
-0.5379920189280006, -0.0485580367651642
-0.5470330122783723, -0.045361972264936136
-0.556074005628744, -0.04216835776470807
-0.5651149989791157, -0.03897719326448001
-0.5741559923294873, -0.03578847876425194
-0.583196985679859, -0.03260221426402387
-0.5922379790302307, -0.029418399763795802
-0.6012789723806024, -0.026237035263567736
-0.610319965730974, -0.02305812076333967
-0.6193609590813457, -0.019881656263111603
-0.6284019524317174, -0.016707641762883536
-0.637442945782089, -0.01353607726265547
-0.6464839391324607, -0.010366962762427405
-0.6555249324828324, -0.007200298262199339
-0.6645659258332041, -0.004036083761971272
-0.6736069191835757, -0.0008743192617432058
