-0.018599800942622608, 0.02984673596597616, -0.0046418571807877625, -66.46973140800078, 106.67669003030055, -16.54296573820645, -20.0, 20.0, 20.0
-0.03259436797587328, 0.052193863477446936, -0.007741939573260249, 10.491463274998125, -17.288179984417425, 4.142636168316503, -20.0, -20.0, 20.0
-0.03716768680363803, 0.059290780450991516, -0.008052698649789181, -28.78473858605713, 45.675847878595754, -5.385672474432237, -20.0, 20.0, 20.0
-0.0569604021842406, 0.09076937236707583, -0.011991646719358127, -50.38612293635317, 80.23851978574149, -10.370119803843547, -20.0, 20.0, 20.0
-0.07601945712994818, 0.12100516902292156, -0.015465513564915195, -25.85009684647712, 40.70466683764144, -3.525347578384727, -20.0, 20.0, 20.0
-0.09021643507762414, 0.14336281841567994, -0.017411702291031003, -30.937814944226723, 48.725930733392076, -4.259407326078507, -20.0, 20.0, 20.0
-0.10512323275616141, 0.1667896171580739, -0.019258194786306786, -28.68937576992236, 44.98126423618366, -3.126562655024631, -20.0, 20.0, 20.0
-0.11904594885752329, 0.18856935674160732, -0.020574553234510712, -27.001488635525135, 42.13769409795006, -2.1388711377910643, -20.0, 20.0, 20.0
-0.13221625407411197, 0.20907442970400433, -0.021420822392281897, -25.679732230829632, 39.882597751638016, -1.246205493293679, -20.0, 20.0, 20.0
-0.14478790157682656, 0.2285519546077346, -0.0218369733395248, -24.60685778002868, 38.02750186328296, -0.41839829567793807, -20.0, 20.0, 20.0
-0.1568678036138602, 0.24717375517983317, -0.02185092917599817, -23.71275036810592, 36.459700425111365, 0.36257494978446503, -20.0, 20.0, 20.0
-0.16853412182333322, 0.26506544020711165, -0.021483225452594595, -22.952522469786125, 35.10703968400249, 1.1082399438298238, -20.0, 20.0, 20.0
-0.17984621495950787, 0.28232239431041856, -0.02074957289809175, -22.29585007491246, 33.92077672922512, 1.8263702741815595, -20.0, 20.0, 20.0
-0.19085051824759316, 0.2990192291139374, -0.019662372275901126, -21.72136307742875, 32.86656248485041, 2.5224322145809355, -20.0, 20.0, 20.0
-0.2015842291733094, 0.3152157084238627, -0.01823166427031874, -21.213480625436226, 31.919354754850836, 3.200399807748609, -20.0, 20.0, 20.0
-0.21207772961055402, 0.3309606421514761, -0.01646575390387635, -20.760521123542286, 31.060380155602612, 3.863241658020963, -20.0, 20.0, 20.0
-0.22235623977537072, 0.3462945454341327, -0.014371637100398533, -20.353519535724505, 30.275232975023858, 4.513225555890296, -20.0, 20.0, 20.0
-0.23244098415102304, 0.36125151326469845, -0.011955301546377497, -19.985457966884827, 29.55263834723924, 5.1521166601938475, -20.0, 20.0, 20.0
-0.24235003574262795, 0.37586057803934575, -0.009221944697298631, -19.6507483995348, 28.883620751349888, 5.781310736121618, -20.0, 20.0, 20.0
-0.25209894160098045, 0.3901467154934154, -0.006176135441604955, -19.344875033875276, 28.26092906492863, 6.401926286653086, -20.0, 20.0, 20.0
-0.26170119558193644, 0.40413160506338414, -0.0028219364120847744, -19.064140889948778, 27.67862921494632, 7.014869831427638, -20.0, 20.0, 20.0
-0.27116860190792114, 0.417834214706764, 0.0008370018349935855, -18.80548441398998, 27.131809358573214, 7.620883156885803, -20.0, 20.0, 20.0
-0.28051155906946434, 0.43127125766141566, 0.004797367166087007, -18.56634423218282, 26.616362460033343, 8.220578167487883, -20.0, 20.0, 20.0
-0.28973928456041903, 0.44445755408748433, 0.009056127464621193, -18.344557731635877, 26.128823244241335, 8.814463026648864, -20.0, 20.0, 20.0
-0.29885999495898574, 0.4574063209199972, 0.013610483736728601, -18.138283862631027, 25.666244085810185, 9.402962061780773, -20.0, 20.0, 20.0
-0.3078810518200293, 0.47012940675522613, 0.01845783203431935, -17.94594358154314, 25.22609925510549, 9.986431128582215, -20.0, 20.0, 20.0
-0.3168090810505011, 0.4826374841030699, 0.02359573222097238, -17.76617334034413, 24.806210136269474, 10.565169618029909, -20.0, 20.0, 20.0
-0.3256500714756363, 0.49494020818029655, 0.02902188211211253, -17.597788360196688, 24.404686172637078, 11.139429946530688, -20.0, 20.0, 20.0
-0.3344094568996994, 0.5070463491626648, 0.034734095882604746, -17.43975333605589, 24.019877756835836, 11.709425135438186, -20.0, 20.0, 20.0
-0.34309218494644433, 0.5189639031764643, 0.0407302858973167, -17.29115885092377, 23.650338298362524, 12.275334923409629, -20.0, 20.0, 20.0
-0.3517027752151994, 0.5307001861055276, 0.047008447313235925, -17.151202224096387, 23.294793417890713, 12.83731074026727, -20.0, 20.0, 20.0
-0.3602453687303979, 0.5422619133925737, 0.05356664494551873, -17.019171836697673, 22.95211573029363, 13.39547978886394, -20.0, 20.0, 20.0
-0.36872377024183756, 0.553655268337682, 0.06040300199820318, -16.894434209060783, 22.62130405013966, 13.949948421873847, -20.0, 20.0, 20.0
-0.3771414846126644, 0.5648859608817843, 0.06751569034284723, -16.776423274246557, 22.301466126269688, 14.500804956702371, -20.0, 20.0, 20.0
-0.38550174828571604, 0.5759592784669961, 0.07490292209183584, -16.664631417960116, 21.991804214577446, 15.048122039252066, -20.0, 20.0, 20.0
-0.3938075566276065, 0.5868801302581393, 0.08256294226238341, -16.55860194960186, 21.691602949995218, 15.59195864293822, -20.0, 20.0, 20.0
-0.4020616878001907, 0.5976530857690655, 0.09049402236584526, -16.45792274073472, 21.40021909370931, 16.132361770909192, -20.0, 20.0, 20.0
-0.4102667236908556, 0.6082824087473759, 0.09869445478740597, -16.362220821924975, 21.117072819532392, 16.669367915333645, -20.0, 20.0, 20.0
-0.4184250683391003, 0.6187720870200368, 0.10716254784542739, -16.271157771053836, 20.84164027111109, 17.203004316752008, -20.0, 20.0, 20.0
-0.4265389642215976, 0.6291258588813861, 0.11589662143912685, -16.18442575893519, 20.57344717428564, 17.73329005804581, -20.0, 20.0, 20.0
-0.43461050669725665, 0.6393472365074883, 0.1248950032088798, -16.101744143700966, 20.312063330123244, 18.260237020965985, -20.0, 20.0, 20.0
-0.442641656864586, 0.6494395268016767, 0.13415602514610767, -16.022856525616366, 20.05709784663077, 18.783850727945488, -20.0, 20.0, 20.0
-0.4506342530434947, 0.6594058500115677, 0.14367802060003879, -15.947528190018282, 19.808194992933288, 19.304131087778995, -20.0, 20.0, 20.0
-0.4585900210607174, 0.6692491564048749, 0.15345932163709372, -15.87554387887247, 19.565030580295588, 19.821073060440703, -20.0, 20.0, 20.0
-0.4665105834908681, 0.6789722412476759, 0.16349825671561566, -15.80670584173036, 19.327308790908287, 20.33466725364706, -20.0, 20.0, 20.0
-0.4743974679825948, 0.6885777582925853, 0.17379314864443116, -15.740832125176404, 19.094759388729344, 20.844900461614902, -20.0, 20.0, 20.0
-0.48225211478054075, 0.6980682319541511, 0.1843423127985124, -15.67775506660739, 18.86713525753419, 21.351756154710078, -20.0, 20.0, 20.0
-0.4900758835381168, 0.7074460683235844, 0.19514405556900102, -15.617319963696945, 18.64421022019868, 21.855214927244358, -20.0, 20.0, 20.0
-0.4978700595028963, 0.716713565153764, 0.20619667302818595, -15.559383895421133, 18.425777100520047, 22.355254909495336, -20.0, 20.0, 20.0
-0.505635859145314, 0.7258729209276154, 0.21749844979282093, -15.503814674249277, 18.211645994884936, 22.851852149044607, -20.0, 20.0, 20.0
-0.5133744352919242, 0.7349262431078534, 0.22904765807151073, -15.450489912191529, 18.0016427260671, 23.344980965714605, -20.0, 20.0, 20.0
-0.5210868818164626, 0.7438755556532639, 0.2408425568838651, -15.399296185962223, 17.7956074555752, 23.834614283702916, -20.0, 20.0, 20.0
-0.5287742379351187, 0.7527228058757647, 0.25288139144077576, -15.35012828866222, 17.593393434428084, 24.320723943939736, -20.0, 20.0, 20.0
-0.5364374921465795, 0.7614698707031554, 0.2651623926765632, -15.30288855718109, 17.3948658751347, 24.803280999210003, -20.0, 20.0, 20.0
-0.5440775858523831, 0.7701185624044635, 0.27768377692490837, -15.257486266033013, 17.19990093009769, 25.282255994170484, -20.0, 20.0, 20.0
-0.551695416688796, 0.7786706338279188, 0.29044374573146137, -15.213837079618331, 17.008384763723548, 25.757619232041492, -20.0, 20.0, 20.0
-0.5592918415976971, 0.7871277831956679, 0.3034404857968348, -15.171862555986298, 16.820212707272862, 26.22934102945217, -20.0, 20.0, 20.0
-0.5668676796607177, 0.7954916584942298, 0.31667216904436274, -15.131489696096358, 16.63528848697444, 26.69739196065965, -20.0, 20.0, 20.0
-0.5744237147180824, 0.8037638614952732, 0.3301369528075624, -15.092650533362184, 16.45352351719954, 27.16174309213895, -20.0, 20.0, 20.0
-0.5819606977911571, 0.8119459514374688, 0.34383298013268376, -15.055281758936557, 16.274836251582727, 27.62236620834658, -20.0, 20.0, 20.0
-0.5894793493255848, 0.8200394483968427, 0.35775838019209355, -15.019324378774085, 16.09915158591261, 28.079234029292664, -20.0, 20.0, 20.0
-0.5969803612700302, 0.8280458363701766, 0.3719112688045191, -14.984723399007638, 15.926400307422849, 28.532320420409462, -20.0, 20.0, 20.0
-0.6044643990039335, 0.8359665660934851, 0.3862897490583906, -14.951427536605536, 15.75651858581124, 28.98160059507656, -20.0, 20.0, 20.0
-0.6119321031262474, 0.8438030576154175, 0.40089191203467256, -14.919388952650252, 15.5894475019186, 29.427051310051446, -20.0, 20.0, 20.0
-0.619384091115886, 0.851556702643528, 0.41571583762567477, -14.888563005904196, 15.42513261052325, 29.868651053957304, -20.0, 20.0, 20.0
-0.6268209588735149, 0.8592288666796994, 0.4307595954463881, -14.858908024611168, 15.263523534162639, 30.30638022889587, -20.0, 20.0, 20.0
-0.63424328215335, 0.8668208909595627, 0.44602124583490727, -14.830385094729314, 15.10457358529057, 30.740221325180798, -20.0, 20.0, 20.0
-0.6416516178927844, 0.8743340942094915, 0.46149884093848376, -14.80295786300787, 14.948239414424386, 31.170159089125207, -20.0, 20.0, 20.0
-0.6490465054469138, 0.8817697742336572, 0.4771904258817063, -14.776592353509896, 14.79448068223841, 31.596180683765024, -20.0, 20.0, 20.0
-0.6564284677343788, 0.8891292093426727, 0.49309404001323676, -14.751256796350114, 14.643259753823402, 32.01827584235678, -20.0, 20.0, 20.0
-0.6637980123003573, 0.8964136596345189, 0.5092077182274394, -14.72692146756398, 14.494541413561569, 32.43643701445386, -20.0, 20.0, 20.0
-0.6711556323020367, 0.9036243681377261, 0.5255294923571375, -14.703558539153613, 14.348292599267058, 32.850659504338736, -20.0, 20.0, 20.0
-0.6785018074214427, 0.9107625618261469, 0.5420573926336146, -14.681141938470642, 14.204482154416183, 33.2609416015696, -20.0, 20.0, 20.0
-0.6858370047101097, 0.9178294525141116, 0.558789449209854, -14.659647216196923, 14.063080597442921, 33.66728470338791, -20.0, 20.0, 20.0
-0.6931616793697273, 0.9248262376402739, 0.575723693742883, -14.639051422273356, 13.924059907206166, 34.06969342872831, -20.0, 20.0, 20.0
-0.700476275472597, 0.9317541009480375, 0.5928581610309586, -14.619332989205745, 13.787393323847917, 34.4681757235738, -20.0, 20.0, 20.0
-0.7077812266254601, 0.938614213070089, 0.6101908907012036, -14.600471622246234, 13.653055164358086, 34.862742957406475, -20.0, 20.0, 20.0
-0.7150769565800241, 0.9454077320242394, 0.6277199289431845, -14.582448196010144, 13.521020652243626, 35.25341001051748, -20.0, 20.0, 20.0
-0.7223638797933122, 0.9521358036274925, 0.6454433302838035, -14.565244657141994, 13.39126576076868, 35.640195351958575, -20.0, 20.0, 20.0
-0.7296424019407707, 0.9587995618350071, 0.6633591593987785, -14.54884393269189, 13.263767069289896, 36.023121107941414, -20.0, 20.0, 20.0
-0.7369129203849198, 0.9654001290103942, 0.6814654929558936, -14.533229843904962, 13.138501632258066, 36.40221312051896, -20.0, 20.0, 20.0
-0.7441758246021868, 0.9719386161335825, 0.6997604214851274, -14.518387025162747, 13.015446860495041, 36.77750099641594, -20.0, 20.0, 20.0
-0.7514314965704392, 0.9784161229523023, 0.7182420512707093, -14.504300847846833, 12.894580414384405, 37.149018145911505, -20.0, 20.0, 20.0
-0.7586803111196314, 0.9848337380830575, 0.7369085062601163, -14.490957348922318, 12.775880108636695, 37.51680181171641, -20.0, 20.0, 20.0
-0.7659436329899267, 0.9912561618880444, 0.7556023729571698, -14.56233013225912, 12.913815111310972, 37.25866497649786, -20.0, 20.0, 1.6300224697397425
-0.7732665235082415, 0.9978205909010023, 0.7739851302800167, -14.729231941000249, 13.343900940520268, 36.27236431488967, -20.0, 20.0, -20.0
-0.7806706968808483, 1.0045961949895679, 0.7918767030390826, -14.887461549426849, 13.758515413742176, 35.293926721373936, -20.0, 20.0, -20.0
-0.788151884088486, 1.0115753411407375, 0.8092810705241222, -15.037287281124108, 14.158069190936537, 34.32354321878447, -20.0, 20.0, -20.0
-0.7956956690503487, 1.0187203472520148, 0.8262766758436709, -15.137852566326536, 14.421955254172415, 33.65887805941034, -20.0, 20.0, -11.071337319925078
-0.8032986354150772, 1.0260248674261683, 0.8428672992099756, -15.27401289258727, 14.796125442441284, 32.70361540580836, -20.0, 20.0, -20.0
-0.8109324810726211, 1.0334104817553527, 0.8592354845558208, -15.261369737588298, 14.746331874295851, 32.76912597757252, -20.0, 20.0, 10.638167102617444
-0.8185954442061241, 1.0408733180429603, 0.875384224943888, -15.390482796423832, 15.105013276134477, 31.82583557469646, -20.0, 20.0, -20.0
-0.8263211516718904, 1.0485121795372125, 0.8910634679729056, -15.512347066641333, 15.450432700873913, 30.891136541373733, -20.0, 20.0, -20.0
-0.8341060422250423, 1.0563205414541843, 0.9062775205425908, -15.627215145966312, 15.783014967013148, 29.965073737366986, -20.0, 20.0, -20.0
-0.8419378964879474, 1.0642671735817666, 0.9210928613118241, -15.70020190565437, 16.003513543316068, 29.296289339566428, -20.0, 20.0, -12.345491202644553
-0.8498046494293657, 1.072320611868414, 0.9355787742067886, -15.766809860019181, 16.2102396032744, 28.647362240291304, -20.0, 20.0, -11.926678565633665
-0.8577043401961018, 1.0804773394243372, 0.949737037340964, -15.831953206925034, 16.416670620418127, 27.985690296410567, -20.0, 20.0, -12.514474765289378
-0.8656299747483915, 1.0887197019294104, 0.9636054157956577, -15.870585002234183, 16.552779399874368, 27.487823522364057, -20.0, 20.0, -7.604454196720326
-0.8735883580552019, 1.0970679719180283, 0.9771271221413473, -15.962948225007198, 16.84030055459707, 26.599001860394285, -20.0, 20.0, -20.0
-0.8815461343310845, 1.105431952523948, 0.9905245184018161, -15.868156878523715, 16.615621869081338, 26.990583181480563, -20.0, 20.0, 20.0
-0.8895029473821403, 1.113809977948414, 1.003800215953712, -15.959095325699593, 16.89647982878262, 26.112207026103544, -20.0, 20.0, -20.0
-0.8975038356564952, 1.1223258345362284, 1.0166388740844783, -16.04445777171976, 17.16694652247486, 25.242425496961744, -20.0, 20.0, -20.0
-0.9055460623467647, 1.13097442175994, 1.029044770454447, -16.12444898935861, 17.427402372371482, 24.381159982912994, -20.0, 20.0, -20.0
-0.9136051447802528, 1.13969155091841, 1.0411747731429373, -16.111880744593734, 17.441114261508268, 24.138850771048357, -20.0, 20.0, -0.467989518552713
-0.9216797193253313, 1.1484741845387665, 1.053032257001761, -16.186417435720227, 17.689420219917327, 23.29108466424662, -20.0, 20.0, -20.0
-0.9297662998430802, 1.157314031553411, 1.064635783162477, -16.1599046352754, 17.669967838660096, 23.12301997861765, -20.0, 20.0, 1.659695288896728
-0.9378637566715706, 1.1662084416525125, 1.0759885789469221, -16.229922678686233, 17.907672557745723, 22.2881631591627, -20.0, 20.0, -20.0
-0.9459778491916043, 1.1751736320672372, 1.0870461654902344, -16.226447401448745, 17.953089101153523, 21.94218301408647, -20.0, 20.0, -4.362901200770466
-0.9541071919905842, 1.1842066382383454, 1.0978119512340916, -16.290923794470793, 18.178935583279387, 21.120959961342496, -20.0, 20.0, -20.0
-0.9622240468821318, 1.1932350646604026, 1.1084740465175833, -16.176495771719335, 17.934770104949628, 21.527421172624123, -20.0, 20.0, 20.0
-0.97032850028834, 1.202258092354738, 1.1190348050290642, -16.24131785311323, 18.157340672391133, 20.71561287329903, -20.0, 20.0, -20.0
-0.9784642899907582, 1.2113904187297821, 1.1291916291023252, -16.30184095655958, 18.37196482778604, 19.911683419744858, -20.0, 20.0, -20.0
-0.9866162887009331, 1.2205940895586467, 1.1390395923114787, -16.306153884140155, 18.442718487672337, 19.480169416869096, -20.0, 20.0, -7.894404715828841
-0.9947726626755722, 1.2298390190148514, 1.1486553935571389, -16.3193420144162, 18.536999337146472, 18.983035565771242, -20.0, 20.0, -10.223273023058027
-1.0029215175270183, 1.2390946353944965, 1.1581201100724219, -16.27607739136866, 18.485466181434344, 18.875830495360802, -20.0, 20.0, 2.661285985570885
-1.0110731140775153, 1.2483870997150475, 1.1673628849533007, -16.330308810619364, 18.68439110076986, 18.09526902815407, -20.0, 20.0, -20.0
-1.019217325421449, 1.2576907235864199, 1.1764533268201092, -16.246536565115004, 18.5301043847196, 18.266498439080063, -20.0, 20.0, 11.847170943548917
-1.0273539386003891, 1.2670044117162336, 1.1853938889253395, -16.299916150645817, 18.724648134535165, 17.495749981840778, -20.0, 20.0, -20.0
-1.0355163227365671, 1.2764137109324865, 1.1939508801198662, -16.34962039406613, 18.912548730476203, 16.732214796265644, -20.0, 20.0, -20.0
-1.0436612030992727, 1.2858094029084783, 1.2024210152335606, -16.22990105675591, 18.67021917349112, 17.148325658511833, -20.0, 20.0, 20.0
-1.051788832959565, 1.2951911019478566, 1.2108063367884991, -16.28061838441392, 18.856576984022283, 16.392960561241914, -20.0, 20.0, -20.0
-1.0599409511592677, 1.3046644260390474, 1.2188157116384486, -16.32785441439635, 19.03671938074143, 15.64453883855601, -20.0, 20.0, -20.0
-1.06807506696428, 1.3141230764529042, 1.2267424244944156, -16.208608805653288, 18.79788227468512, 16.06231258531181, -20.0, 20.0, 20.0
-1.0761914475009682, 1.3235667374860118, 1.2345884332968826, -16.256913341099395, 18.976761857745323, 15.321722624556463, -20.0, 20.0, -20.0
-1.084331154516153, 1.333098384774757, 1.2420658139626415, -16.3019147196394, 19.149827297235237, 14.58780003847915, -20.0, 20.0, -20.0
-1.0924524858868139, 1.3426145539055474, 1.2494645237812962, -16.183410763004503, 18.914849225925966, 15.007039236139688, -20.0, 20.0, 20.0
-1.1005557183953198, 1.352114992202359, 1.2567864341065271, -16.22951927101919, 19.08690396132062, 14.280602064784242, -20.0, 20.0, -20.0
-1.10868122037429, 1.3617000985457142, 1.2637467228404893, -16.272488644861298, 19.25352141210004, 13.560552871064477, -20.0, 20.0, -20.0
-1.116788081746789, 1.3712691551004283, 1.2706321248539787, -16.154956845135242, 19.02270480675682, 13.98105518289354, -20.0, 20.0, 20.0
-1.1248765855521725, 1.3808219661946417, 1.2774444237856608, -16.19905837639904, 19.188539570096513, 13.26814054383535, -20.0, 20.0, -20.0
-1.1329800359184041, 1.3904406663914117, 1.2839478235892288, -16.21474308852712, 19.286261216983533, 12.745458670436431, -20.0, 20.0, -13.460981683948376
-1.141058600073601, 1.4000275681854446, 1.2904257348603223, -16.099513532260236, 19.06134595914797, 13.166186413938048, -20.0, 20.0, 20.0
-1.1491191939187744, 1.409598638091556, 1.2968336298659286, -16.142861848433093, 19.222933665297482, 12.465393608487645, -20.0, 20.0, -20.0
-1.1572007443679513, 1.419249302206918, 1.302892593977945, -16.183339948274135, 19.379722796150194, 11.770462839577492, -20.0, 20.0, -20.0
-1.1652639187253968, 1.4288840512987084, 1.3088832310996674, -16.069357481507645, 19.159273571012076, 12.19208564731203, -20.0, 20.0, 20.0
-1.1733089893528816, 1.4385027593811943, 1.3148071700346677, -16.110925028431268, 19.315558758931235, 11.503670092689395, -20.0, 20.0, -20.0
-1.1813524773881356, 1.4481454358219805, 1.3205480665650553, -16.06302711258475, 19.255147004213594, 11.459916028860746, -20.0, 20.0, 3.168392304180543
-1.1893939592924512, 1.457811073353553, 1.3261080098992923, -16.102900504677677, 19.407403122076076, 10.779857308087813, -20.0, 20.0, -20.0
-1.197417773517422, 1.4674617078493375, 1.3316032818890842, -15.992356395205555, 19.19513486106187, 11.201230651079461, -20.0, 20.0, 20.0
-1.205424171417276, 1.477097231604511, 1.3370354256262862, -16.033235204210413, 19.346960159632463, 10.527344297728257, -20.0, 20.0, -20.0
-1.2134336082861399, 1.4867669357488824, 1.3422570203996886, -16.004512271245254, 19.33185641785289, 10.359034795881104, -20.0, 20.0, -1.6207490281581158
-1.2214409288212622, 1.4964585852298644, 1.3473044011553672, -16.02476986924399, 19.4347415060749, 9.830488226833497, -20.0, 20.0, -14.953201619349784
-1.229426550817167, 1.5061249154370258, 1.3523248674051653, -15.91771811437464, 19.230579322570325, 10.251376772359217, -20.0, 20.0, 20.0
-1.2373954665218614, 1.5157771632971462, 1.3572855029870736, -15.957944704403454, 19.378412117911466, 9.59116555527389, -20.0, 20.0, -20.0
-1.2453631608571072, 1.5254523294080609, 1.3620742461160313, -15.91283263657975, 19.32225232574743, 9.563806960557246, -20.0, 20.0, 3.3643032156285244
-1.253329249246469, 1.535149572190962, 1.366692950959297, -15.951520920867152, 19.466718805857127, 8.911012412505414, -20.0, 20.0, -20.0
-1.2612394412003733, 1.544751834055156, 1.371337775156931, -15.689246894750259, 18.942328650919286, 9.668284378029753, -20.0, -20.0, 20.0
-1.2690561836681717, 1.5541798134748668, 1.3760922605558297, -15.577722976443155, 18.769589027923395, 9.349657217565758, -20.0, -19.77356023767561, -20.0
-1.276817960806676, 1.5635223011728476, 1.3806875061000403, -15.469385577574238, 18.600361763999643, 9.031324959277077, -20.0, -20.0, -20.0
-1.2845265508615187, 1.5727814584698196, 1.3851232023946942, -15.36497464179639, 18.43626742388841, 8.711460219338482, -20.0, -20.0, -20.0
-1.2921838740380773, 1.5819597903870102, 1.3893986032725285, -15.264318064438068, 18.277060244873773, 8.39014329199903, -20.0, -20.0, -20.0
-1.2997917670256502, 1.591059682989034, 1.3935130012954429, -15.167253885853292, 18.122510163221477, 8.067448799658195, -20.0, -20.0, -20.0
-1.3073502617386654, 1.6000792752699766, 1.3974792308929105, -15.066724966207044, 17.95585896054872, 7.7974695902120414, -20.0, -20.0, -17.939830436555667
-1.314844165057677, 1.608980252553062, 1.4014297049989004, -14.90888830983911, 17.648050171793468, 8.004426833747715, -20.0, -20.0, 0.3599450754663849
-1.3222774722787607, 1.6177696013410756, 1.4053498687904324, -14.824340574495928, 17.509344980260312, 7.676228332380867, -20.0, -20.0, -20.0
-1.3296692440358013, 1.626490530073371, 1.4091056742571535, -14.742746453667046, 17.374369948921245, 7.346993534503057, -20.0, -20.0, -20.0
-1.3370161892596926, 1.6351335349090927, 1.4127343232573013, -14.645034441897458, 17.19764939396578, 7.167602466088477, -20.0, -20.0, -14.182834060923824
-1.344312547766724, 1.6436830789399421, 1.4162936514367752, -14.540399586227917, 17.000526729431687, 7.0697102518071855, -20.0, -20.0, -10.962461379338038
-1.3515647919241562, 1.6521526269070668, 1.419745229500988, -14.468577043501067, 16.877665139066544, 6.736602005044148, -20.0, -20.0, -20.0
-1.3587561108808812, 1.6605002716976773, 1.423236720239658, -14.29669878339894, 16.512914023375714, 7.229360949636149, -20.0, -20.0, 12.139474636347131
-1.3658885436531498, 1.6687284691414315, 1.426767190826504, -14.23303230567537, 16.39987575164079, 6.892521397748104, -20.0, -20.0, -20.0
-1.372989694732658, 1.676900810778866, 1.4301290848597366, -14.171572012358014, 16.28949079809816, 6.555054735182191, -20.0, -20.0, -20.0
-1.3800606472909378, 1.685018597469701, 1.433322095366409, -14.112238220760622, 16.181655965241575, 6.216987291507903, -20.0, -20.0, -20.0
-1.3870916896763772, 1.693057388282341, 1.4364342036706805, -14.011931320997231, 15.973507285318497, 6.231445925577908, -20.0, -20.0, -6.129375445192409
-1.3940841575091636, 1.7010187620048414, 1.4394649177447116, -13.95794001014871, 15.871987604683031, 5.891410370546718, -20.0, -20.0, -20.0
-1.4010319772624773, 1.708886622403977, 1.4424755902381752, -13.833339003106413, 15.599453991859134, 6.1512796033073105, -20.0, -20.0, 3.700607342320609
-1.4079366092067656, 1.716662665480974, 1.4454656421578378, -13.78518877404675, 15.504718316128857, 5.808928075342849, -20.0, -20.0, -20.0
-1.41481759057894, 1.724391829148897, 1.448284422463287, -13.73873671465129, 15.4119363555634, 5.466193146453511, -20.0, -20.0, -20.0
-1.4216537709267474, 1.7320224684416805, 1.4511164149258835, -13.60598467657851, 15.110620815569865, 5.861776703932856, -20.0, -20.0, 9.368509693784517
-1.428446585483106, 1.7395562148222887, 1.4539610495780306, -13.565273548856524, 15.02436470686328, 5.516761904655954, -20.0, -20.0, -20.0
-1.4352194138789942, 1.7470472445447205, 1.4566331105888286, -13.526040034696285, 14.939754182863492, 5.171482138535572, -20.0, -20.0, -20.0
-1.441963328780302, 1.7544732240044143, 1.45921473039449, -13.44961957053479, 14.76416365591144, 5.154997084110322, -20.0, -20.0, -6.827481852502842
-1.4486793003921155, 1.7618352320667159, 1.4617056203794623, -13.414266876719553, 14.683868593295124, 4.808562855778328, -20.0, -20.0, -20.0
-1.455349020916321, 1.7690880464991876, 1.46427195559272, -13.264615220102554, 14.327389136591808, 5.456777997252517, -20.0, -20.0, 20.0
-1.461973914669084, 1.7762332336640567, 1.4669131687662507, -13.234959790949876, 14.253359522884944, 5.108074696870506, -20.0, -20.0, -20.0
-1.4685842736143144, 1.7833417116804189, 1.4693800048892969, -13.206475989971969, 14.180552542563541, 4.759269795313903, -20.0, -20.0, -20.0
-1.4751806748439948, 1.7904140831406063, 1.4716724129958296, -13.179128928749964, 14.1089332981862, 4.410362630817405, -20.0, -20.0, -20.0
-1.4817425767960588, 1.7974000572461726, 1.473975561409518, -13.068478879505593, 13.83496312407903, 4.80223102393645, -20.0, -20.0, 10.042698028121436
-1.4882710637790444, 1.804300791288556, 1.4762890843150753, -13.045469052437063, 13.767973045454829, 4.451860598292497, -20.0, -20.0, -20.0
-1.4947882946806044, 1.8111682802938212, 1.478427413291288, -13.023454553802894, 13.701982975605754, 4.101455306558012, -20.0, -20.0, -20.0
-1.5012734269719292, 1.8179513818713462, 1.4805806840523708, -12.917074611496624, 13.430423334494797, 4.511627737772746, -20.0, -20.0, 11.029160220874473
-1.5077274656769666, 1.8246511459979307, 1.4827485759379886, -12.899080208653018, 13.368633171843372, 4.159939804698205, -20.0, -20.0, -20.0
-1.5141727250510646, 1.8313202245782478, 1.4847406293797418, -12.881957287738622, 13.307681149425557, 3.8082739623148574, -20.0, -20.0, -20.0
-1.520587532210798, 1.837905288554205, 1.486756989711104, -12.777271351195091, 13.032574754403216, 4.257167363133251, -20.0, -20.0, 12.846484273421083
-1.5269728345646714, 1.8444073074540872, 1.488797368784384, -12.76393806429804, 12.975500845124856, 3.904348929987026, -20.0, -20.0, -20.0
-1.5333516606613073, 1.850880963346346, 1.4906613566564497, -12.75136632224589, 12.919122723910638, 3.5516025582755466, -20.0, -20.0, -20.0
-1.539704040952823, 1.857276872559766, 1.4925361933423067, -12.658154843817332, 12.664514129768426, 3.947744185152673, -20.0, -20.0, 10.894219590912257
-1.5460308131347853, 1.863595871567068, 1.4944216517420137, -12.648933884031381, 12.61148189943939, 3.594089413675281, -20.0, -20.0, -20.0
-1.5523531417887864, 1.869888499394079, 1.496130309791744, -12.64038073197263, 12.559029408604927, 3.2405427852463573, -20.0, -20.0, -20.0
-1.5586455794913585, 1.8760916675356423, 1.4979033339992995, -12.52937007831574, 12.253643157648323, 3.8515540449754613, -20.0, -20.0, 20.0
-1.5649090262306657, 1.8822062651117515, 1.4997404632197346, -12.524416878913208, 12.204747146788703, 3.4969628367647565, -20.0, -20.0, -20.0
-1.571170140437289, 1.8882965294208216, 1.5014003355344538, -12.520039947580234, 12.156310089491317, 3.1425264221122946, -20.0, -20.0, -20.0
-1.5774190808832782, 1.8943376332872375, 1.502979335833333, -12.47572183637592, 12.008105376172425, 3.173474773404286, -20.0, -20.0, -3.94136307847441
-1.5836563460464386, 1.900330032234264, 1.5044774171071764, -12.473338816265459, 11.961490411933305, 2.818850321969689, -20.0, -20.0, -20.0
-1.5898676925055488, 1.9062374255926346, 1.5060373611522955, -12.372047020175293, 11.668083021549053, 3.4209258585068145, -20.0, -20.0, 20.0
-1.5960539073048512, 1.9120605653752447, 1.5076589672522511, -12.372812177033765, 11.624476108891171, 3.0654985413156215, -20.0, -20.0, -20.0
-1.6022406190514062, 1.9178619812268896, 1.5091029082899263, -12.374034809186622, 11.581187297688498, 2.710265609384983, -20.0, -20.0, -20.0
-1.6084078778206858, 1.9235912928740482, 1.5105667667239486, -12.29500026793138, 11.336059290946029, 3.145168126703908, -20.0, -20.0, 13.187644667735526
-1.614556322205128, 1.9292490874364034, 1.5120504204866738, -12.298777269837487, 11.295118958474898, 2.7894469241964117, -20.0, -20.0, -20.0
-1.6207067544769163, 1.934886474583338, 1.513356265995769, -12.302951817315824, 11.254429629263312, 2.433935112183435, -20.0, -20.0, -20.0
-1.6268355839375586, 1.9404435093042178, 1.5147213812970588, -12.212366025253472, 10.973709254255342, 3.0265260929757773, -20.0, -20.0, 20.0
-1.6329434810279249, 1.945920805086052, 1.5161456267771967, -12.21922233621179, 10.935473873081277, 2.6704558275760064, -20.0, -20.0, -20.0
-1.639054891065659, 1.951379028241781, 1.5173918950578125, -12.226417814724686, 10.897418749835422, 2.3146172948869324, -20.0, -20.0, -20.0
-1.6451480437130426, 1.956762386972284, 1.5186828024268275, -12.146192774809771, 10.636016172176241, 2.849012181173599, -20.0, -20.0, 17.716426656370345
-1.6512235312554824, 1.9620714070491116, 1.520018249137913, -12.155757394949784, 10.600064135134184, 2.492774663168715, -20.0, -20.0, -20.0
-1.6573038733661014, 1.967362482066317, 1.5211756383518116, -12.165611047525989, 10.564235933686811, 2.1367821924251147, -20.0, -20.0, -20.0
-1.6633668964736945, 1.9725783022755228, 1.5223855884537474, -12.086481382846744, 10.299044903136815, 2.703018215318075, -20.0, -20.0, 19.229757502741904
-1.6694131637760603, 1.977719358629197, 1.5236480131183976, -12.098587826616356, 10.265180511560436, 2.346680443282918, -20.0, -20.0, -20.0
-1.6754655451483778, 1.9828435009836847, 1.5247323330857918, -12.110937662653132, 10.23138890638988, 1.9905994262938052, -20.0, -20.0, -20.0
-1.6815038800739246, 1.987898117451378, 1.5258520524267185, -12.042402039533792, 9.987076964383013, 2.4882779374128883, -20.0, -20.0, 16.456058123181663
-1.6875286605311597, 1.9928836229247084, 1.5270071171664428, -12.0567197894064, 9.954944928938856, 2.131981021483841, -20.0, -20.0, -20.0
-1.6935606509382635, 1.9978530708508837, 1.527984098470646, -12.071241839009168, 9.922846775762606, 1.7759441953292674, -20.0, -20.0, -20.0
-1.6995781927065114, 2.002749405997374, 1.52901639491103, -11.998925233982844, 9.662493810198912, 2.353241566206406, -20.0, -20.0, 20.0
-1.7055817753951483, 2.0075730386823816, 1.5301039508556877, -12.015405520564828, 9.632036929831584, 1.9969822124243994, -20.0, -20.0, -20.0
-1.7115936400338467, 2.012381441644029, 1.5310134436293394, -12.03205303422872, 9.601574916758157, 1.6409888821826466, -20.0, -20.0, -20.0
-1.7175925928729714, 2.0171182012242914, 1.5319774702275246, -11.963758322270218, 9.345463404292701, 2.215117510558028, -20.0, -20.0, 20.0
-1.7235790863875642, 2.02178368808521, 1.5329959901838002, -11.982215736100809, 9.316484039380702, 1.8589623145439655, -20.0, -20.0, -20.0
-1.7295748420980785, 2.026434675622924, 1.5338364997747274, -12.000807105956552, 9.287466111476268, 1.503076049164813, -20.0, -20.0, -20.0
-1.7355591232150174, 2.031015362872227, 1.5347308364535468, -11.936317361798748, 9.035282885735521, 2.0742706661130788, -20.0, -20.0, 20.0
-1.7415323480053095, 2.0355260849115613, 1.5356789725129465, -11.956581799369696, 9.00760527160207, 1.718273571485422, -20.0, -20.0, -20.0
-1.7475157310163658, 2.040022951358548, 1.5364491773148314, -11.97695024485499, 8.979860516345315, 1.3625456360545665, -20.0, -20.0, -20.0
-1.7534889841143666, 2.044450745468876, 1.5372725704125711, -11.916062147148311, 8.731315924966049, 1.9310267549041216, -20.0, -20.0, 20.0
-1.7594524939272949, 2.0488097703466943, 1.5381491346950298, -11.937977104564943, 8.70478358630821, 1.575230374930352, -20.0, -20.0, -20.0
-1.765426980462483, 2.0531555061818567, 1.5388478675397377, -11.959969036187157, 8.678159754340571, 1.2197010039013823, -20.0, -20.0, -20.0
-1.7713925955137058, 2.057433292390347, 1.5395992118005546, -11.902491168704639, 8.432985079621298, 1.7856760393666624, -20.0, -20.0, 20.0
-1.7773496963726927, 2.061643403309752, 1.5404031590130036, -11.925912267243051, 8.407458597997884, 1.4301128104291667, -20.0, -20.0, -20.0
-1.783314840055945, 2.0658305289011225, 1.5410725848011777, -11.934662465766735, 8.341043767484608, 1.2475903422667776, -20.0, -20.0, -12.484052048796912
-1.7892696418712228, 2.0699433048625764, 1.5418257611981792, -11.884544795344656, 8.110060078331252, 1.7651152457393642, -20.0, -20.0, 17.99560949011419
-1.7952181540075665, 2.0739922117492897, 1.5426194786550442, -11.909503750029764, 8.085567468522386, 1.4097545817212809, -20.0, -20.0, -20.0
-1.8011791526664422, 2.0780288379580067, 1.5432355819363028, -11.934490885473426, 8.060937366346092, 1.054658543313016, -20.0, -20.0, -20.0
-1.8071336408286574, 2.0819995577178623, 1.5439032680299984, -11.883461763387377, 7.821941673076014, 1.6160858314698383, -20.0, -20.0, 20.0
-1.8130819211787832, 2.085904591511085, 1.5446225450347073, -11.90965963711569, 7.798193499815604, 1.261022187365655, -20.0, -20.0, -20.0
-1.8190433025114496, 2.0897977132554444, 1.5451643543766829, -11.935865693549756, 7.774293477621795, 0.9062151805369777, -20.0, -20.0, -20.0
-1.8250177885685501, 2.093678850614108, 1.545528818838308, -11.962078534851976, 7.7502559570339695, 0.5516426659634734, -20.0, -20.0, -20.0
-1.831005382390325, 2.097547938423804, 1.5457160501175953, -11.988296752247, 7.726095281749098, 0.1972824511858176, -20.0, -20.0, -20.0
-1.8370060863091233, 2.1014049186910797, 1.5457261488024978, -12.014518922946172, 7.701825787353071, -0.1568877115757546, -20.0, -20.0, -20.0
-1.8430199019416351, 2.1052497405879502, 1.5455592043412631, -12.040743607101112, 7.677461800129254, -0.5108901333627724, -20.0, -20.0, -20.0
-1.8490468301796066, 2.1090823604469673, 1.5452152950088038, -12.066969344784969, 7.6530176359385615, -0.8647471964741974, -20.0, -20.0, -20.0
-1.855086871179053, 2.112902741755743, 1.5446944878690576, -12.093194652999923, 7.628507599165537, -1.2184813625108468, -20.0, -20.0, -20.0
-1.8611400243479803, 2.116710855150966, 1.5439968387333143, -12.11941802270959, 7.6039459817249675, -1.5721151804628974, -20.0, -20.0, -20.0
-1.8672062883326315, 2.120506678411928, 1.5431223921144899, -12.14563791589503, 7.579347062123689, -1.9256712948346615, -20.0, -20.0, -20.0
-1.8732856610022635, 2.124290196453602, 1.542071181177331, -12.171852762633067, 7.554725104572276, -2.2791724538006664, -20.0, -20.0, -20.0
-1.8793781394324707, 2.1280614013192807, 1.5408432276845343, -12.198060958195677, 7.530094358141369, -2.632641517386863, -20.0, -20.0, -20.0
-1.885483719887062, 2.1318202921728053, 1.53943854193877, -12.224260860169142, 7.505469055957406, -2.9861014656705556, -20.0, -20.0, -20.0
-1.8916023977985021, 2.1355668752904027, 1.5378571227206042, -12.2504507855917, 7.48086341443253, -3.339575406992361, -20.0, -20.0, -20.0
-1.8977341677469273, 2.1393011640521418, 1.5360989572223127, -12.276629008108356, 7.456291632523446, -3.69308658617321, -20.0, -20.0, -20.0
-1.9038790234377396, 2.143023178933026, 1.534164020977587, -12.302793755141463, 7.4317678910139495, -4.046658392729033, -20.0, -20.0, -20.0
-1.9100369576777938, 2.1467329474937333, 1.532052277787136, -12.32894320507565, 7.407306351815815, -4.400314369075405, -20.0, -20.0, -20.0
-1.9162079623501767, 2.150430504371008, 1.5297636796401886, -12.35507548445555, 7.382921157282649, -4.754078218713989, -20.0, -20.0, -20.0
-1.9223920283875893, 2.1541158912677116, 1.527298166631912, -12.381188665194749, 7.358626429531228, -5.10797381439215, -20.0, -20.0, -20.0
-1.9285891457443365, 2.1577891569425356, 1.5246556668767575, -12.407280761794171, 7.334436269764737, -5.462025206226609, -20.0, -20.0, -20.0
-1.934799303366927, 2.161450357199375, 1.5218360964177555, -12.433349728568123, 7.310364757592187, -5.816256629781456, -20.0, -20.0, -20.0
-1.9410224891632881, 2.1650995548763574, 1.5188393591317877, -12.459393456875976, 7.286425950338136, -6.170692514090241, -20.0, -20.0, -20.0
-1.9472586899705964, 2.168736819834526, 1.5156653466308623, -12.485409772357375, 7.262633882336675, -6.525357489611226, -20.0, -20.0, -20.0
-1.9535078915217279, 2.1723622289461613, 1.5123139381594335, -12.511396432168693, 7.239002564203442, -6.880276396104189, -20.0, -20.0, -20.0
-1.9597700784103247, 2.175975866082732, 1.5087850004878034, -12.537351122218263, 7.215545982079199, -7.235474290416431, -20.0, -20.0, -20.0
-1.9660452340544787, 2.1795778221024613, 1.505078387801658, -12.563271454397764, 7.192278096838265, -7.590976454164844, -20.0, -20.0, -20.0
-1.97233334065903, 2.1831681948374846, 1.5011939415877917, -12.589154963806914, 7.169212843254853, -7.9468084013000295, -20.0, -20.0, -20.0
-1.9786343791764738, 2.1867470890805785, 1.4971314905160824, -12.614999105968423, 7.146364129120016, -8.302995885537582, -20.0, -20.0, -20.0
-1.9849483292664734, 2.190314616571434, 1.4928908503177878, -12.640801254029943, 7.123745834301636, -8.659564907640636, -20.0, -20.0, -20.0
-1.9912751692539683, 2.1938708959824442, 1.4884718236602434, -12.666558695949536, 7.101371809739494, -9.016541722536763, -20.0, -20.0, -20.0
-1.997614876085871, 2.197416052903971, 1.4838742000180465, -12.692268631660898, 7.0792558763671, -9.373952846251173, -20.0, -20.0, -20.0
-2.0039674252863398, 2.2009502198290507, 1.4790977555408245, -12.717928170214376, 7.057411823951545, -9.731825062637016, -20.0, -20.0, -20.0
-2.0103327909106157, 2.204473536137499, 1.4741422529176946, -12.743534326889524, 7.0358534098421694, -10.090185429882276, -20.0, -20.0, -20.0
-2.016710945497407, 2.207986148079364, 1.4690074412385312, -12.769084020274663, 7.014594357618377, -10.449061286771421, -20.0, -20.0, -20.0
-2.0231018600198025, 2.2114882087576753, 1.4636930558521688, -12.794574069308691, 6.993648355626401, -10.808480258678559, -20.0, -20.0, -20.0
-2.0295055038346996, 2.2149798781104306, 1.4581988182216823, -12.820001190280006, 6.9730290553942424, -11.168470263267237, -20.0, -20.0, -20.0
-2.035921844630714, 2.2184613228917573, 1.4525244357768978, -12.845361993777212, 6.95275006991345, -11.529059515870498, -20.0, -20.0, -20.0
-2.0423508483745545, 2.2219327166521796, 1.4466696017642995, -12.870652981585891, 6.932824971775698, -11.890276534522986, -20.0, -20.0, -20.0
-2.0487924792558325, 2.2253942397179114, 1.440633995094515, -12.895870543525483, 6.913267291151496, -12.252150144615054, -20.0, -20.0, -20.0
-2.0552466996302687, 2.2288460791690987, 1.434417280187577, -12.92101095421995, 6.894090513597585, -12.614709483136929, -20.0, -20.0, -20.0
-2.0617134699612727, 2.232288428816918, 1.428019106816173, -12.94607036979563, 6.875308077678807, -12.977984002478792, -20.0, -20.0, -20.0
-2.0681927487598464, 2.235721489179435, 1.4214391099471155, -12.971044824499318, 6.8569333723893955, -13.342003473750504, -20.0, -20.0, -20.0
-2.0746844925227785, 2.239145467456122, 1.4146769095812823, -12.995930227229346, 6.838979734357744, -13.706797989582297, -20.0, -20.0, -20.0
-2.081188655669079, 2.2425605775009156, 1.4077321105922955, -13.02072235797205, 6.82146044481777, -14.072397966365248, -20.0, -20.0, -20.0
-2.087705190474606, 2.2459670397937024, 1.4006043025642323, -13.045416864135746, 6.804388726328987, -14.438834145887732, -20.0, -20.0, -20.0
-2.0942340470048335, 2.249365081410091, 1.39329305962868, -13.070009256773972, 6.787777739226321, -14.806137596321188, -20.0, -20.0, -20.0
-2.100775173045699, 2.252754935989343, 1.3857979403014735, -13.094494906689478, 6.771640577779629, -15.174339712505576, -20.0, -20.0, -20.0
-2.1073285140324742, 2.256136843700298, 1.3781184873194767, -13.118869040410098, 6.755990266041625, -15.543472215481758, -20.0, -20.0, -20.0
-2.1138940129765835, 2.259511051205149, 1.3702542274778027, -13.143126736027371, 6.740839753361729, -15.91356715121466, -20.0, -20.0, -20.0
-2.1204716103903123, 2.262877811620875, 1.362204671467887, -13.167262918888465, 6.726201909541998, -16.28465688844758, -20.0, -20.0, -20.0
-2.1270612442093175, 2.266237384478163, 1.3539693137168691, -13.191272357131686, 6.712089519609923, -16.65677411562425, -20.0, -20.0, -20.0
-2.1336628497128642, 2.2695900356776106, 1.3455476322287603, -13.21514965705561, 6.698515278181416, -17.029951836811414, -20.0, -20.0, -20.0
-2.1402763594417062, 2.2729360374430025, 1.3369390884279198, -13.2388892583116, 6.6854917833858, -17.40422336655041, -20.0, -20.0, -20.0
-2.1469017031135116, 2.27627566827143, 1.3281431270053916, -13.26248542890929, 6.673031530322982, -17.779622323562077, -20.0, -20.0, -20.0
-2.153538807535745, 2.279609212880016, 1.319159175768695, -13.285932260024392, 6.661146904021371, -18.15618262322455, -20.0, -20.0, -20.0
-2.1601875965159008, 2.2829369621489874, 1.309986645495704, -13.309223660598045, 6.649850171863316, -18.53393846873896, -20.0, -20.0, -20.0
-2.1668479907689795, 2.286259213060814, 1.3006249297932961, -13.332353351716781, 6.639153475443072, -18.912924340892797, -20.0, -20.0, -20.0
-2.173519907822099, 2.28957626863513, 1.2910734049614916, -13.355314860762126, 6.629068821820406, -19.293174986325667, -20.0, -20.0, -20.0
-2.180203261916119, 2.292888437859118, 1.281331429863861, -13.378101515318765, 6.619608074131032, -19.674725404196636, -20.0, -20.0, -20.0
-2.1868979639041566, 2.296196035613029, 1.271398345805025, -13.40070643683027, 6.610782941513078, -20.057610831146697, -20.0, -20.0, -20.0
-2.193603921146862, 2.299499382590484, 1.2612734764161273, -13.423122533991434, 6.602604968306704, -20.441866724444058, -20.0, -20.0, -20.0
-2.2003210374043265, 2.302798805213181, 1.2509561275492178, -13.44534249586639, 6.595085522481957, -20.82752874319384, -20.0, -20.0, -20.0
-2.2070492127244736, 2.3060946355396137, 1.2404455871815474, -13.467358784721917, 6.588235783247761, -21.214632727487572, -20.0, -20.0, -20.0
-2.2137883433277956, 2.309387211167374, 1.2297411253308352, -13.489163628565644, 6.582066727792809, -21.603214675361357, -20.0, -20.0, -20.0
-2.2205383214882817, 2.3126768751285987, 1.2188419939826387, -13.51074901337923, 6.576589117106954, -21.993310717425153, -20.0, -20.0, -20.0
-2.2272990354103857, 2.3159639757780828, 1.2077474270310278, -13.53210667503713, 6.571813480829495, -22.3849570890188, -20.0, -20.0, -20.0
-2.2340703691018704, 2.3192488666735573, 1.1964566402338372, -13.553228090902115, 6.567750101068634, -22.778190099743764, -20.0, -20.0, -20.0
-2.2408522022423685, 2.322531906447608, 1.1849688311838482, -13.574104471089509, 6.564408995134212, -23.17304610021272, -20.0, -20.0, -20.0
-2.247644410047489, 2.3258134586706727, 1.173283179297332, -13.594726749392958, 6.56179989712383, -23.569561445852393, -20.0, -20.0, -20.0
-2.2544468631283037, 2.3290938917045287, 1.1613988458214717, -13.615085573865565, 6.559932238300433, -23.967772457588282, -20.0, -20.0, -20.0
-2.261259427346033, 2.332373578545653, 1.1493149738622663, -13.635171297051468, 6.558815126197628, -24.367715379233445, -20.0, -20.0, -20.0
-2.268081963661762, 2.3356528966577996, 1.1370306884346086, -13.654973965864295, 6.558457322387302, -24.769426331397177, -20.0, -20.0, -20.0
-2.274914327981006, 2.3389322277931073, 1.1245450965363284, -13.674483311110555, 6.558867218842597, -25.172941261723434, -20.0, -20.0, -20.0
-2.281756370992948, 2.342211957801025, 1.1118572872480816, -13.69368873665781, 6.560052812828074, -25.578295891263334, -20.0, -20.0, -20.0
-2.288607938004175, 2.345492476424294, 1.0989663318610705, -13.712579308249577, 6.562021680247942, -25.985525656781153, -20.0, -20.0, -20.0
-2.29546886876673, 2.3487741770812014, 1.085871284034678, -13.731143741971177, 6.564780947382623, -26.394665648788962, -20.0, -20.0, -20.0
-2.3023389973003163, 2.352057456633283, 1.0725711799862054, -13.749370392373436, 6.568337260943776, -26.80575054510174, -20.0, -20.0, -20.0
-2.3092181517084756, 2.3553427151376134, 1.0590650387150045, -13.76724724026395, 6.572696756378226, -27.21881453970257, -20.0, -20.0, -20.0
-2.3161061539885863, 2.358630355582796, 1.0453518622634022, -13.784761880178998, 6.577865024352175, -27.633891266706538, -20.0, -20.0, -20.0
-2.3230028198355193, 2.361920783607721, 1.0314306360169223, -13.801901507552646, 6.583847075348629, -28.051013719212577, -20.0, -20.0, -20.0
-2.3299079584388083, 2.3652144072021364, 1.0173003290464104, -13.818652905603686, 6.590647302313401, -28.470214162834854, -20.0, -20.0, -20.0
-2.3368213722732003, 2.3685116363880367, 1.0029598944947742, -13.835002431965316, 6.598269441288217, -28.891524043709783, -20.0, -20.0, -20.0
-2.3437428568824634, 2.3718128828808522, 0.9884082700111513, -13.850936005087306, 6.606716529973799, -29.314973890781694, -20.0, -20.0, -20.0
-2.3506722006563465, 2.3751185597293887, 0.973644378235411, -13.866439090445622, 6.615990864171109, -29.74059321217981, -20.0, -20.0, -20.0
-2.3576091846006078, 2.3784290809334454, 0.958667127335988, -13.881496686600133, 6.626093952055654, -30.168410385512086, -20.0, -20.0, -20.0
-2.3645535821000445, 2.381744861038021, 0.9434754116041305, -13.896093311147204, 6.6370264662478125, -30.59845254191791, -20.0, -20.0, -20.0
-2.3715051586744864, 2.3850663147029962, 0.9280681121077154, -13.910212986620602, 6.648788193651828, -31.03074544374214, -20.0, -20.0, -20.0
-2.378463671727742, 2.388393856247171, 0.9124440974078504, -13.92383922640129, 6.6613779830475215, -31.465313355718, -20.0, -20.0, -20.0
-2.3854288702895183, 2.391727899165541, 0.8966022243415268, -13.936955020704282, 6.674793690432124, -31.902178909576456, -20.0, -20.0, -20.0
-2.3924004947503743, 2.3950688556186805, 0.8805413388736238, -13.949542822718845, 6.689032122125064, -32.34136296203536, -20.0, -20.0, -20.0
-2.399378276589801, 2.3984171358931285, 0.8642602770215742, -13.961584534986923, 6.70408897566628, -32.78288444616351, -20.0, -20.0, -20.0
-2.406361938097576, 2.4017731478316846, 0.8477578658559924, -13.973061496113633, 6.71995877855881, -33.226760216163335, -20.0, -20.0, -20.0
-2.413351192088583, 2.4051372962325566, 0.8310329245805336, -13.983954467913161, 6.73663482492925, -33.67300488567197, -20.0, -20.0, -20.0
-2.420345741611337, 2.4085099822163403, 0.8140842656941796, -13.994243623103062, 6.754109110205302, -34.12163065974414, -20.0, -20.0, -20.0
-2.42734527965053, 2.411891602559876, 0.7969106962390553, -14.003908533670087, 6.772372263938293, -34.57264716075288, -20.0, -20.0, -20.0
-2.434349488823958, 2.415282548996093, 0.7795110191367357, -14.012928160040838, 6.791413480930206, -35.02606124852533, -20.0, -20.0, -20.0
-2.441358041074268, 2.4186832074790403, 0.7618840346158239, -14.021280841200833, 6.811220450859773, -35.48187683512197, -20.0, -20.0, -20.0
-2.4483705973560475, 2.4220939574134155, 0.7440285417333513, -14.028944285915788, 6.831779286640359, -35.94009469476848, -20.0, -20.0, -20.0
-2.455386807318831, 2.4255151708480214, 0.725943339992269, -14.035895565218915, 6.853074451783942, -36.40071226956071, -20.0, -20.0, -20.0
-2.4624063089867203, 2.4289472116327397, 0.7076272310569576, -14.042111106337545, 6.875088687090323, -36.86372347168496, -20.0, -20.0, -20.0
-2.469428728435365, 2.4323904345387697, 0.6890790205682793, -14.04756668824129, 6.897802937028715, -37.32911848302821, -20.0, -20.0, -20.0
-2.476453679467176, 2.4358451843420843, 0.6702975200592234, -14.05223743900188, 6.921196276229906, -37.796883553195336, -20.0, -20.0, -20.0
-2.483480763285717, 2.439311794870282, 0.6512815489716487, -14.05609783516156, 6.945245836560948, -38.267000797103606, -20.0, -20.0, -20.0
-2.4905095681703355, 2.44279058801325, 0.6320299367740012, -14.05912170331204, 6.969926735310412, -38.73944799348637, -20.0, -20.0, -20.0
-2.497539669152186, 2.446281872698345, 0.6125415251791775, -14.061282224089245, 6.99521200507019, -39.214198385808764, -20.0, -20.0, -20.0
-2.504570627692906, 2.4497859438311025, 0.5928151704609064, -14.062551938789934, 7.021072525958923, -39.69122048727562, -20.0, -20.0, -20.0
-2.511601991367307, 2.453303081202815, 0.5728497458661388, -14.062902758814367, 7.04747696089155, -40.17047789179484, -20.0, -20.0, -20.0
-2.5186332935515443, 2.4568335483667028, 0.5526441441199538, -14.062305978133937, 7.074391694658333, -40.65192909294527, -20.0, -20.0, -20.0
-2.525664053118321, 2.4603775914847756, 0.5321972800184213, -14.060732288973783, 7.101780777633722, -41.13552731318462, -20.0, -20.0, -20.0
-2.5326937741407862, 2.4639354381479315, 0.5115080931036959, -14.058151800887131, 7.129605874989348, -41.62122034571645, -20.0, -20.0, -20.0
-2.539721945606853, 2.4675072961722626, 0.49057555041436385, -14.054534063380082, 7.157826222334679, -42.108950411611985, -20.0, -20.0, -20.0
-2.5467480411457535, 2.4710933523750342, 0.46939864930272374, -14.049848092222275, 7.186398588751747, -42.59865403494855, -20.0, -20.0, -20.0
-2.5537715187686967, 2.4746937713342785, 0.4479764203092675, -14.044062399549738, 7.215277248225019, -43.09026193887643, -20.0, -20.0, -20.0
-2.560791820625542, 2.478308694136458, 0.4263079300831347, -14.037145027830919, 7.244413960491758, -43.583698965654655, -20.0, -20.0, -20.0
-2.5678083727794307, 2.481938237117168, 0.4043922843357715, -14.029063587725009, 7.2737579623502, -44.07888402379809, -20.0, -20.0, -20.0
-2.5748205850013153, 2.4855824906003705, 0.3822286308134354, -14.019785299812849, 7.303255970459998, -44.575730065546395, -20.0, -20.0, -20.0
-2.5818278505862997, 2.489241517642148, 0.3598161622725752, -14.009277040124884, 7.332852196649696, -45.074144097894326, -20.0, -20.0, -20.0
-2.588829546193663, 2.492915352785487, 0.3371541194405004, -13.997505389327685, 7.362488376707042, -45.574027230404894, -20.0, -20.0, -20.0
-2.595825031712335, 2.496604000833056, 0.31424179394216, -13.984436685360613, 7.392103813567725, -46.07527476295671, -20.0, -20.0, -20.0
-2.6028136501534846, 2.5003074356453814, 0.291078531172309, -13.970037079237656, 7.421635435734656, -46.57777631644731, -20.0, -20.0, -20.0
-2.609794727571706, 2.5040255989722278, 0.267663733090877, -13.95427259364677, 7.45101787165168, -47.081416009280694, -20.0, -20.0, -20.0
-2.6167675730160904, 2.507758399325296, 0.24399686091800576, -13.93710918389099, 7.480183540621259, -47.586072682204254, -20.0, -20.0, -20.0
-2.623731478512219, 2.5115057109006247, 0.22007743770402338, -13.918512800623162, 7.5090627606946665, -48.091620173725246, -20.0, -20.0, -20.0
-2.6306857190758075, 2.5152673725592423, 0.19590505074861037, -13.89844945373067, 7.537583873775457, -48.597927647926866, -20.0, -20.0, -20.0
-2.6376295527583977, 2.519043186874677, 0.17147935384262367, -13.87688527662944, 7.5656733879631135, -49.1048599760199, -20.0, -20.0, -20.0
-2.6445622207250876, 2.522832919255899, 0.14680006930551642, -13.853786590129545, 7.593256136925335, -49.61227817240901, -20.0, -20.0, -20.0
-2.651482947363855, 2.526636297154087, 0.1218669897910572, -13.82911996493991, 7.620255455826873, -50.1200398854279, -20.0, -20.0, -20.0
-2.6583909404255373, 2.5304530093613096, 0.09667997983414728, -13.802852281788999, 7.6465933730634505, -50.62799994221178, -20.0, -20.0, -20.0
-2.665285391192998, 2.5342827054087644, 0.07123897711198468, -13.77495078805405, 7.67219081675547, -51.13601094643861, -20.0, -20.0, -20.0
-2.6721654746774406, 2.5381249950716165, 0.0455439933936513, -13.745383149715838, 7.696967834653206, -51.64392392689494, -20.0, -20.0, -20.0
-2.679030349839217, 2.5419794479867295, 0.019595115153421785, -13.714117497391175, 7.7208438257990455, -52.1515890340231, -20.0, -20.0, -20.0
-2.6858791598298506, 2.5458455933886768, -0.006607496175284434, -13.681122465143332, 7.743737781990013, -52.65885628080178, -20.0, -20.0, -20.0
-2.69271103225132, 2.5497229199683726, -0.033063604326365195, -13.646367220733353, 7.765568536792645, -53.16557632352127, -20.0, -20.0, -20.0
-2.6995250794279917, 2.5536108758574683, -0.05977289872656024, -13.609821485953983, 7.786255019590099, -53.6716012772589, -20.0, -20.0, -20.0
-2.706320398685901, 2.5575088687403396, -0.0867349954359156, -13.5714555456838, 7.805716511895922, -54.176785560162536, -20.0, -20.0, -20.0
-2.7130960726334, 2.561416266094053, -0.11394943851596423, -13.53124024431254, 7.823872902957948, -54.680986760031935, -20.0, -20.0, -20.0
-2.719851169436533, 2.565332395555169, -0.14141570183501517, -13.489146968219282, 7.840644941506232, -55.184066516171875, -20.0, -20.0, -20.0
-2.7265847430818457, 2.5692565454106395, -0.16913319131633242, -13.445147613032251, 7.855954480377157, -55.68589140909717, -20.0, -20.0, -20.0
-2.733295833618719, 2.573187965208403, -0.19710124763121084, -13.399214534460858, 7.869724710676765, -56.18633385041649, -20.0, -20.0, -20.0
-2.7399834673727255, 2.5771258664816057, -0.22531914933509586, -13.351320481564821, 7.88188038213361, -56.68527296512357, -20.0, -20.0, -20.0
-2.746646657120969, 2.5810694235787235, -0.2537861164410249, -13.301438511408614, 7.892348006336825, -57.182595458592424, -20.0, -20.0, -20.0
-2.7532844022198555, 2.5850177745902223, -0.28250131442087634, -13.249541884138335, 7.901056039658599, -57.67819646081333, -20.0, -20.0, -20.0
-2.759895688675292, 2.588970022360842, -0.31146385862128495, -13.19560393760772, 7.907935042819796, -58.171980340821044, -20.0, -20.0, -20.0
-2.7664794891448854, 2.5929252355751142, -0.3406728190777029, -13.139597940765647, 7.9129178142690435, -58.66386148485084, -20.0, -20.0, -20.0
-2.77303476286135, 2.5968824499023824, -0.3701272257070418, -13.081496925093429, 7.915939494803112, -59.15376503250478, -20.0, -20.0, -20.0
-2.7795604554659836, 2.600840669186371, -0.3998260738566942, -13.021273493440946, 7.916937641152162, -59.64162756610481, -20.0, -20.0, -20.0
-2.7860554987407564, 2.6047988666633035, -0.4297683301855791, -12.958899605650195, 7.915852266577952, -60.12739774943473, -20.0, -20.0, -20.0
-2.7925188102272607, 2.608755986191667, -0.4599529388512397, -12.894346340367251, 7.912625846875869, -60.6110369132078, -20.0, -20.0, -20.0
-2.7989492927204584, 2.6127109434760163, -0.49037882797599613, -12.827583632422979, 7.907203290521112, -61.09251958581776, -20.0, -20.0, -20.0
-2.8053458336248402, 2.6166626272666575, -0.5210449163647539, -12.758579985103479, 7.899531872043521, -61.57183396921324, -20.0, -20.0, -20.0
-2.811707304160248, 2.620609900516679, -0.5519501204473206, -12.687302156527432, 7.889561128042303, -62.04898236105373, -20.0, -20.0, -20.0
-2.818032558404178, 2.624551601477577, -0.5830933614189929, -12.613714819193902, 7.8772427155493, -62.523981525635556, -20.0, -20.0, -20.0
-2.8243204321568656, 2.6284865447146406, -0.6144735725547508, -12.537780191555472, 7.8625302327061934, -62.99686301739578, -20.0, -20.0, -20.0
-2.8305697416148052, 2.632413522023299, -0.6460897066746228, -12.459457640202382, 7.845379001926649, -63.46767346209267, -20.0, -20.0, -20.0
-2.836779281837583, 2.6363313032277453, -0.6779407437406477, -12.378703250908362, 7.8257458158593645, -63.93647480200706, -20.0, -20.0, -20.0
-2.8429478249919056, 2.640238636843346, -0.7100256985693246, -12.295469366382052, 7.803588646543959, -64.40334451270058, -20.0, -20.0, -20.0
-2.8490741183555217, 2.64413425058452, -0.7423436286474994, -12.209704088083027, 7.778866318151367, -64.8683757999982, -20.0, -20.0, -20.0
-2.855156882062265, 2.6480168516999623, -0.7748936420442329, -12.121350738890845, 7.751538143617627, -65.33167778693617, -20.0, -20.0, -20.0
-2.8611948065676756, 2.651885127117194, -0.8076749054163265, -12.030347282750562, 7.721563525309258, -65.79337570143772, -20.0, -20.0, -20.0
-2.867186549812525, 2.6557377433784204, -0.8406866521108015, -11.936625696647972, 7.6889015195948955, -66.2536110764626, -20.0, -20.0, -20.0
-2.873130734059032, 2.659573346349528, -0.8739281903737522, -11.84011128937951, 7.6535103648367055, -66.7125419753402, -20.0, -20.0, -20.0
-2.8790259423715168, 2.6633905606837, -0.9073989116815792, -11.740721960559176, 7.615346971851269, -67.17034325596745, -20.0, -20.0, -20.0
-2.8848707147096886, 2.6671879890204924, -0.9410982992177115, -11.638367392128313, 7.574366375317126, -67.62720688856166, -20.0, -20.0, -20.0
-2.8906635435985404, 2.670964210900301, -0.9750259365255382, -11.532948163279288, 7.530521143917637, -68.08334234274488, -20.0, -20.0, -20.0
-2.8964028693338957, 2.674717781372829, -1.0091815163764604, -11.424354778141346, 7.483760746193667, -68.53897706094386, -20.0, -20.0, -20.0
-2.9020870746768734, 2.678447229276409, -1.0435648499008139, -11.312466593769772, 7.434030868128394, -68.99435703647052, -20.0, -20.0, -20.0
-2.9077144789837868, 2.6821510551627865, -1.078175876038997, -11.197150633883673, 7.3812726773801, -69.44974751626157, -20.0, -20.0, -20.0
-2.9132833317100975, 2.685827728839081, -1.1130146713806046, -11.078260271359333, 7.325422027797206, -69.90543385016932, -20.0, -20.0, -20.0
-2.918791805217847, 2.689475686495122, -1.148081460470894, -10.955633759639868, 7.266408596366452, -70.36172251098793, -20.0, -20.0, -20.0
-2.9242379868052293, 2.69309332737997, -1.1833766266766805, -10.829092589889035, 7.204154943026262, -70.8189423121583, -20.0, -20.0, -20.0
-2.929619869864402, 2.696679009986172, -1.218900723718076, -10.698439646802168, 7.1385754817810145, -71.27744585342377, -20.0, -20.0, -20.0
-2.9349353440589465, 2.7002310476939235, -1.2546544879886137, -10.56345713137594, 7.069575349225952, -71.73761122872723, -20.0, -20.0, -20.0
-2.9401821843951637, 2.7037477038196984, -1.2906388518046665, -10.423904213493492, 6.997049153872912, -72.19984403548435, -20.0, -20.0, -20.0
-2.9453580390412215, 2.707227186004786, -1.3268549577460875, -10.279514370738347, 6.920879586475988, -72.66457973019956, -20.0, -20.0, -20.0
-2.95046041572446, 2.7106676398683547, -1.363304174274236, -10.129992362214145, 6.840935867799435, -73.13228638239472, -20.0, -20.0, -20.0
-2.955486666509285, 2.7140671418367632, -1.399988112841637, -9.9750107770874, 6.757072005834966, -73.60346788720943, -20.0, -20.0, -20.0
-2.9604339707252616, 2.717423691045529, -1.4369086467402017, -9.814206086818084, 6.669124829228388, -74.07866770704963, -20.0, -20.0, -20.0
-2.965299315776288, 2.7207352001922014, -1.4740679319731087, -9.647174117288404, 6.576911757460551, -74.55847322457875, -20.0, -20.0, -20.0
-2.970079475516094, 2.723999485196808, -1.5114684304801178, -9.473464841936009, 6.48022826096658, -75.04352080345771, -20.0, -20.0, -20.0
-2.97477098582137, 2.727214253500968, -1.5491129360984441, -9.292576379166892, 6.378844955672451, -75.53450166984796, -20.0, -20.0, -20.0
-2.979370116930257, 2.7303770908064284, -1.5870046037026746, -9.103948056381729, 6.272504266170408, -76.0321687470741, -20.0, -20.0, -20.0
-2.98387284203899, 2.7334854460179066, -1.6251469820389928, -8.906952378551152, 6.16091657974266, -76.537344598199, -20.0, -20.0, -20.0
-2.9882748015614267, 2.7365366141127216, -1.663544050852696, -8.700885711196287, 6.043755799517024, -77.0509306566137, -20.0, -20.0, -20.0
-2.992571262353205, 2.7395277166098873, -1.7022002630050377, -8.484957455916463, 5.92065418914615, -77.57391795275343, -20.0, -20.0, -20.0
-2.9967570710826417, 2.742455679253102, -1.7411205923869115, -8.2582774618305, 5.791196383711649, -78.10739957474206, -20.0, -20.0, -20.0
-3.0008266007930997, 2.745317206454692, -1.7803105885631048, -8.0198413800016, 5.65491242264899, -78.65258513003049, -20.0, -20.0, -20.0
-3.004773689546435, 2.7481087519707788, -1.8197764392205837, -7.7685136333404206, 5.511269641698171, -79.21081749988514, -20.0, -20.0, -20.0
-3.0085915698667183, 2.750826485192413, -1.8595250416434557, -7.503007647791708, 5.359663244839166, -79.78359219160265, -20.0, -20.0, -20.0
-3.0122727875243935, 2.753466252345803, -1.899564084586826, -7.221862982909216, 5.199405368720859, -80.372579581879, -20.0, -20.0, -20.0
-3.0158091080277565, 2.7560235318029385, -1.9399021420541163, -6.923419030542175, 5.029712459822146, -80.97965028728169, -20.0, -20.0, -20.0
-3.019191409048437, 2.7584933826237132, -1.980548780565507, -6.605785052179447, 4.849690823276109, -81.60690375828166, -20.0, -20.0, -20.0
-3.022409556949851, 2.7608703854037526, -2.021514681483235, -6.2668065534750275, 4.658320296881192, -82.2566999126304, -20.0, -20.0, -20.0
-3.0254522656979606, 2.7631485745268876, -2.0628117797379155, -5.904028438964405, 4.454436195658562, -82.93169310609206, -20.0, -20.0, -20.0
-3.028306936856959, 2.7653213610829797, -2.1044534197220943, -5.514656197029034, 4.236710028709225, -83.6348668306233, -20.0, -20.0, -20.0
-3.030959480347696, 2.767381446119749, -2.1464545279280007, -5.095517765920422, 4.003630118368256, -84.36956599300161, -20.0, -20.0, -20.0
-3.033394117559483, 2.7693207247287925, -2.1888317997009055, -4.643031081228076, 3.753484317805255, -85.13952109861681, -20.0, -20.0, -20.0
-3.0355931718609623, 2.77113018300152, -2.2316038936314526, -4.1531861246885455, 3.4843487731052503, -85.94885462357233, -20.0, -20.0, -20.0
-3.037536857464852, 2.772799792556583, -2.2747916206904515, -3.6215562908700156, 3.1940894471467014, -86.80205361242392, -20.0, -20.0, -20.0
-3.0392030872583207, 2.7743184117473736, -2.3184181049246213, -3.04336288300523, 2.88038731601632, -87.70388332425595, -20.0, -20.0, -20.0
-3.040567335265913, 2.7756737095970223, -2.3625088767807765, -2.413629147363957, 2.540804082578321, -88.65920410036539, -20.0, -20.0, -20.0
-3.0416026115353225, 2.77685213880417, -2.407091837395962, -1.7274759302733596, 2.172912746011437, -89.67263836037796, -20.0, -20.0, -20.0
-3.0422796370448637, 2.7778389981924487, -2.4521970022269173, -0.9806261078912042, 1.7745248071045367, -90.74802096344243, -20.0, -20.0, -20.0
-3.0425673408121505, 2.7786186415311556, -2.4978558988006823, -0.17018896125602934, 1.3440485477230495, -91.88756533161803, -20.0, -20.0, -20.0
-3.042433829828436, 2.7791749038571005, -2.5441004681642303, 0.7042328961144807, 0.8810007560569322, -93.09071212257491, -20.0, -20.0, -20.0
-3.0418479802537974, 2.779491817060006, -2.590961328627754, 1.6391654024402649, 0.3866520555653678, -94.35272973151932, -20.0, -20.0, -20.0
-3.040781725916187, 2.779554655112178, -2.6384653439053665, 2.625851948000979, -0.135299846878087, -95.6633313789301, -20.0, -20.0, -20.0
-3.03921293772837, 2.779351266811908, -2.686632633830657, 3.6493008032665175, -0.6782533542016593, -97.00582832223286, -20.0, -20.0, -20.0
-3.037128498358286, 2.778873520359814, -2.7354734650031602, 4.688456677070105, -1.232732454173444, -98.35749636777952, -20.0, -20.0, -20.0
-3.034526883025655, 2.7781185454139212, -2.784985748190125, 5.718004653454309, -1.787167329397736, -99.6916363800779, -20.0, -20.0, -20.0
-3.031419461010899, 2.777089407257326, -2.8351539403670682, 6.711683405569909, -2.3293852969847446, -100.9811323276965, -20.0, -20.0, -20.0
-3.0278300012125055, 2.7757949642222797, -2.8859498397825245, 7.646155788003909, -2.848386843199399, -102.202465334129, -20.0, -20.0, -20.0
-3.023792439460423, 2.7742489202000464, -2.937335152634219, 8.504091220325266, -3.3357892457340053, -103.33878607264867, -20.0, -20.0, -20.0
-3.0193475345043996, 2.772468348176039, -2.989265132213566, 9.275528603768727, -3.7864988502950205, -104.38113224473891, -20.0, -20.0, -20.0
-3.0145392841732166, 2.770472079755923, -3.0416923687147044, 9.957472720964251, -4.198574830169529, -105.32781375981524, -20.0, -20.0, -20.0
-3.0094118262616574, 2.7682792949785577, -3.0945699907481856, 10.552358925271921, -4.572564279291891, -106.18267437411052, -20.0, -20.0, -20.0
-3.0040071939715633, 2.7659084878598246, -3.1478539238530385, 11.066170235103609, -4.9106641956404635, -106.95305804530172, -20.0, -20.0, -20.0
-2.998363962016967, 2.763376830730035, -3.2015041985402233, 11.506757583283028, -5.215964323517655, -107.64804070343781, -20.0, -20.0, -20.0
-2.9925166234207508, 2.760699869243587, -3.2554854962382294, 11.882596801581702, -5.491881622273667, -108.27715008858591, -20.0, -20.0, -20.0
-2.9864954761346847, 2.7578914501928637, -3.3097671753439895, 12.201992342683239, -5.741794580619402, -108.84956633445452, -20.0, -20.0, -20.0
-2.980326819028537, 2.7549637920424805, -3.3643229910043013, 12.472636081908997, -5.968838020913872, -109.37369630679294, -20.0, -20.0, -20.0
-2.9740333075485714, 2.751927630296322, -3.4191306649996855, 12.701409837951756, -6.175808963720351, -109.8569996747438, -20.0, -20.0, -20.0
-2.9676343706407526, 2.7487923927110693, -3.4741714065632263, 12.894337793323302, -6.36514137729108, -110.30596657941972, -20.0, -20.0, -20.0
-2.9611466307234773, 2.7455663775012833, -3.529429442390088, 13.056621875778777, -6.538919461852464, -110.72617672802697, -20.0, -20.0, -20.0
-2.9545842959931843, 2.742256920187893, -3.5848915854480796, 13.192717045393293, -6.698909791708716, -111.12239550393977, -20.0, -20.0, -20.0
-2.9479595114992843, 2.7388705426080966, -3.6405468546239765, 13.306420930206322, -6.846600527476587, -111.49868119964798, -20.0, -20.0, -20.0
-2.9412826653192794, 2.7354130821886633, -3.6963861473000152, 13.400963789813567, -6.983241150256335, -111.85848950450706, -20.0, -20.0, -20.0
-2.9345626514048533, 2.731889802048313, -3.752401961839921, 13.479091867890578, -7.109879411145243, -112.20476865511586, -20.0, -20.0, -20.0
-2.927807093114426, 2.7283054836742364, -3.808588164703895, 13.543141293819126, -7.227394085159792, -112.54004280077969, -20.0, -20.0, -20.0
-2.9210225323091623, 2.7246645043610873, -3.8649397962412175, 13.595101927234886, -7.336523167436922, -112.86648334851093, -20.0, -20.0, -20.0
-2.9142145889116926, 2.7209709016465244, -3.9214529093606036, 13.636671662644746, -7.43788769081483, -113.18596912903269, -20.0, -20.0, -20.0
-2.9073880954455107, 2.717228426825556, -3.9781244358091667, 13.66930220208344, -7.532011593058191, -113.50013666522037, -20.0, -20.0, -20.0
-2.9005472105322125, 2.7134405893898017, -4.034952075456637, 13.694237451109931, -7.619338149959975, -113.81042192466178, -20.0, -20.0, -20.0
-2.8936955147529284, 2.709610693978779, -4.091934204655243, 13.71254566602579, -7.700243494130349, -114.11809486976203, -20.0, -20.0, -20.0
-2.886836091743096, 2.705741871179692, -4.149069800366992, 13.725146373304044, -7.775047702216717, -114.42428797723501, -20.0, -20.0, -20.0
-2.8799715969128723, 2.701837103284206, -4.206358377294955, 13.7328329475913, -7.844023879728152, -114.7300197346164, -20.0, -20.0, -20.0
-2.8731043157762506, 2.6978992459104325, -4.263799935718614, 13.736291598895674, -7.907405615365647, -115.03621396002171, -20.0, -20.0, -20.0
-2.8662362135277353, 2.693931046226045, -4.32139491811967, 13.736117395164923, -7.965393122184146, -115.34371564419925, -20.0, -20.0, -20.0
-2.8593689772194057, 2.6899351583620246, -4.379144173001968, 13.732827838154048, -8.018158333897073, -115.65330388499308, -20.0, -20.0, -20.0
-2.8525040516551092, 2.6859141564830127, -4.437048924566685, 13.72687441903127, -8.065849182149915, -115.96570237387834, -20.0, -20.0, -20.0
-2.8456426699242523, 2.6818705458763175, -4.4951107471103535, 13.718652504396077, -8.108593244630772, -116.28158780079438, -20.0, -20.0, -20.0
-2.838785879337826, 2.6778067723341668, -4.5533315431768, 13.70850984131012, -8.146500923971173, -116.60159646498914, -20.0, -20.0, -20.0
-2.8319345633976476, 2.6737252300299676, -4.611713524621513, 13.69675391940246, -8.179668292826111, -116.92632931386478, -20.0, -20.0, -20.0
-2.825089460321039, 2.6696282680266274, -4.670259195844222, 13.683658387032898, -8.208179720533963, -117.25635557697264, -20.0, -20.0, -20.0
-2.818251178553023, 2.665518195501357, -4.728971338517666, 13.66946868503035, -8.232110380548734, -117.59221511680273, -20.0, -20.0, -20.0
-2.8114202096232472, 2.661397285725067, -4.787852997192049, 13.65440703407254, -8.251528724610566, -117.9344195807279, -20.0, -20.0, -20.0
-2.8045969386424816, 2.6572677787942713, -4.8469074651894095, 13.638676888990616, -8.266498998572803, -118.28345240871467, -20.0, -20.0, -20.0
-2.7977816526817243, 2.653131883078349, -4.906138270223832, 13.622466954037755, -8.277083865116873, -118.6397677289749, -20.0, -20.0, -20.0
-2.790974547234087, 2.648991775314717, -4.965549159195782, 13.6059548365099, -8.283347189410735, -119.00378815882385, -20.0, -20.0, -20.0
-2.784175730924644, 2.644849599258811, -5.02514408161581, 13.589310401262624, -8.285357034213332, -119.37590152128921, -20.0, -20.0, -20.0
-2.7773852286055836, 2.6407074627752416, -5.084927171118768, 13.572698874980613, -8.283188900064134, -119.75645649054191, -20.0, -20.0, -20.0
-2.7706029829528367, 2.636567433241959, -5.144902724539498, 13.556283736006092, -8.2769292330659, -120.1457571923796, -20.0, -20.0, -20.0
-2.7638288546656513, 2.6324315311320854, -5.205075178040436, 13.540229412736252, -8.266679206428387, -120.54405681137109, -20.0, -20.0, -20.0
-2.7570626213622593, 2.628301721640092, -5.265449079817134, 13.524703800832437, -8.252558761543844, -120.95155029542184, -20.0, -20.0, -20.0
-2.750303975262873, 2.6241799042323857, -5.32602905896665, 13.509880596713979, -8.234710869281514, -121.36836630264672, -20.0, -20.0, -20.0
-2.743552519755633, 2.620067900029521, -5.386819790193543, 13.495941432245509, -8.213305942178398, -121.7945586049229, -20.0, -20.0, -20.0
-2.736807764951655, 2.6159674369705668, -5.447825954156355, 13.483077783666108, -8.18854629363853, -122.23009724632696, -20.0, -20.0, -20.0
-2.730069122351369, 2.6118801327715655, -5.509052193430374, 13.471492617478706, -8.160670502367168, -122.67485984974957, -20.0, -20.0, -20.0
-2.7233358987649026, 2.607807475770623, -5.570503064284185, 13.461401728386999, -8.129957501402298, -123.12862356549464, -20.0, -20.0, -20.0
-2.71660728965258, 2.6037508038515496, -5.632182984738687, 13.453034720903858, -8.096730174891924, -123.59105825251638, -20.0, -20.0, -20.0
-2.7098823720752008, 2.599711281753542, -5.694096179692725, 13.446635588612795, -8.061358217137853, -124.06172156363299, -20.0, -20.0, -20.0
-2.7031600974643313, 2.5956898772009094, -5.7562466242474315, 13.442462854865193, -8.024259993392963, -124.5400566551952, -20.0, -20.0, -20.0
-2.6964392844363103, 2.591687336415822, -5.818637986721828, 13.440789257219318, -7.9859031469559785, -125.02539324239086, -20.0, -20.0, -20.0
-2.689718611875576, 2.5877041596970174, -5.881273573196843, 13.441900985718075, -7.946803728263181, -125.51695265766948, -20.0, -20.0, -20.0
-2.6829966124987528, 2.5837405778441687, -5.944156275718754, 13.446096521574272, -7.907523683132488, -126.01385742997567, -20.0, -20.0, -20.0
-2.67627166707687, 2.5797965302658863, -6.007288526496995, 13.453685165957344, -7.868666629997707, -126.5151456829906, -20.0, -20.0, -20.0
-2.6695419994366816, 2.575871645614327, -6.070672260507587, 13.464985394796027, -7.83087197623876, -127.01979035937495, -20.0, -20.0, -20.0
-2.6628056722829876, 2.571965225729598, -6.1343088888316, 13.480323219980523, -7.794807562677058, -127.5267229366759, -20.0, -20.0, -20.0
-2.656060583784353, 2.568076233546638, -6.198199284801718, 13.500030774558324, -7.761161169163994, -128.03486094379568, -20.0, -20.0, -20.0
-2.6493044647496458, 2.5642032854178898, -6.262343784602365, 13.524445364270454, -7.730631345828637, -128.54313825879126, -20.0, -20.0, -20.0
-2.642534876099502, 2.560344648047361, -6.326742203396051, 13.553909236304017, -7.703918136287233, -129.05053691595512, -20.0, -20.0, -20.0
-2.635749206213644, 2.55649823993426, -6.3913938673783495, 13.588770307128698, -7.681714316116912, -129.55611901323618, -20.0, -20.0, -20.0
-2.628944667620241, 2.5526616369118753, -6.456297661460704, 13.629384066482775, -7.664697773422044, -130.05905731618083, -20.0, -20.0, -20.0
-2.62211829239393, 2.5488320810665375, -6.521452091616572, 13.67611683876207, -7.653525607929241, -130.5586633072905, -20.0, -20.0, -20.0
-2.615266925548394, 2.5450064920572943, -6.586855360371749, 13.729350543381836, -7.648830429043681, -131.05441171341892, -20.0, -20.0, -20.0
-2.608387215647442, 2.541181479648211, -6.652505453530883, 13.789489060426284, -7.65121920728962, -131.5459609231151, -20.0, -20.0, -20.0
-2.601475601811049, 2.537353356122024, -6.718400236045078, 13.856966285146317, -7.661274897458971, -132.03316913366461, -20.0, -20.0, -20.0
-2.594528296251953, 2.5335181471661206, -6.784537554952205, 13.932255951238659, -7.679560926153924, -132.51610649484442, -20.0, -20.0, -20.0
-2.587541261433458, 2.5296715997998307, -6.850915347551082, 14.015883322742186, -7.706628539005886, -132.99506390066006, -20.0, -20.0, -20.0
-2.5805101808778277, 2.5258091859284995, -6.917531753374297, 14.108438899779093, -7.7430269463196915, -133.47055939220078, -20.0, -20.0, -20.0
-2.5734304225643805, 2.5219261001427236, -6.984385229062468, 14.210594354008919, -7.7893161967833775, -133.9433433604868, -20.0, -20.0, -20.0
-2.5662969937249853, 2.5180172504065172, -7.051474665872228, 14.323121003571966, -7.846082748041701, -134.41440387855187, -20.0, -20.0, -20.0
-2.5591044856613214, 2.5140772402728304, -7.118799510231413, 14.446911251083788, -7.913957786706319, -134.88497355818635, -20.0, -20.0, -20.0
-2.551847006964328, 2.5101003412081426, -7.186359888454573, 14.583003536889686, -7.993638472045323, -135.35653933445684, -20.0, -20.0, -20.0
-2.544518103206247, 2.5060804534830603, -7.254156737424097, 14.732611495434492, -8.085912428283581, -135.83085654363737, -20.0, -20.0, -20.0
-2.537110660799474, 2.5020110538812776, -7.322191943705208, 14.89715813165742, -8.191685978847353, -136.30996858080726, -20.0, -20.0, -20.0
-2.529616792283569, 2.49788512819006, -7.390468494171939, 15.078315931963562, -8.312016786023554, -136.79623328611777, -20.0, -20.0, -20.0
-2.5220276998393802, 2.4936950860671896, -7.458990641734919, 15.278053844790191, -8.448151705458724, -137.2923569658036, -20.0, -20.0, -20.0
-2.5143335133967084, 2.489432655455608, -7.527764090103046, 15.498691925897745, -8.601570740867306, -137.8014365067032, -20.0, -20.0, -20.0
-2.5065230994163525, 2.485088753293609, -7.596796201532621, 15.742963995525944, -8.774037907128262, -138.32700921159474, -20.0, -20.0, -20.0
-2.498583836506726, 2.480653328959254, -7.666096230950391, 16.014087642979867, -8.967659430292466, -138.87310845948505, -20.0, -20.0, -20.0
-2.490501354868243, 2.4761151769092757, -7.735675588209395, 16.315838910952902, -9.184948769620695, -139.44432057653017, -20.0, -20.0, -20.0
-2.482259238813381, 2.4714617157170164, -7.805548126754255, 16.652625308494653, -9.428895999416987, -140.04583360291184, -20.0, -20.0, -20.0
-2.473838696387212, 2.4666787328586754, -7.875730450357771, 17.029544396181816, -9.703035433946168, -140.68346081115217, -20.0, -20.0, -20.0
-2.465218209128516, 2.4617500992542416, -7.946242217908214, 17.4524046386024, -10.011498983788389, -141.36360939061808, -20.0, -20.0, -20.0
-2.4563731907260458, 2.456657466434483, -8.01710640681318, 17.927668971278575, -10.359032295245536, -142.09314622924947, -20.0, -20.0, -20.0
-2.447275708766573, 2.451379974572768, -8.08834946539436, 18.462258866612935, -10.750935151613882, -142.87908809546886, -20.0, -20.0, -20.0
-2.4378943614793944, 2.445894023915821, -8.160001241689795, 19.06313028210113, -11.192867476175323, -143.72801708626773, -20.0, -20.0, -20.0
-2.4281944504340305, 2.4401731962847104, -8.232094523109051, 19.736513899353884, -11.690443048266193, -144.6451085907564, -20.0, -20.0, -20.0
-2.418138640122682, 2.434188452938697, -8.304663972925747, 20.486727346040816, -12.248530335787096, -145.63269067602516, -20.0, -20.0, -20.0
-2.4076883177686357, 2.427908764491705, -8.377744241105718, 21.314562070144532, -12.870223452180552, -146.68838204385884, -20.0, -20.0, -20.0
-2.396805810499676, 2.4213023156318867, -8.451367117660178, 22.215467005694695, -13.555571987092122, -147.80312417397732, -20.0, -20.0, -20.0
-2.385457424986339, 2.4143383300004193, -8.525557846329448, 23.17807504765228, -14.300370538777301, -148.9597905031032, -20.0, -20.0, -20.0
-2.3736169382699495, 2.406989358318431, -8.600331118484712, 24.183871817906006, -15.095516189174324, -150.1332981179559, -20.0, -20.0, -20.0
-2.3612688017739654, 2.3992336182956073, -8.675687668539165, 25.20867416603028, -15.927443902121112, -151.29290209985595, -20.0, -20.0, -20.0
-2.348410160966491, 2.3910568110003845, -8.75161250936952, 26.22588906386586, -16.779785278769946, -152.40646122156446, -20.0, -20.0, -20.0
-2.335051042177477, 2.3824529149656666, -8.828075468984961, 27.210586092191306, -17.63579886010163, -153.44537724019904, -20.0, -20.0, -20.0
-2.3212126575211824, 2.3734237849851896, -8.905033933317972, 28.14295253298801, -18.480721061806896, -154.38848009184426, -20.0, -20.0, -20.0
-2.30692439453655, 2.363977779004864, -8.982436988244187, 29.010099405542324, -19.30330285949604, -155.2237396130179, -20.0, -20.0, -20.0
-2.292220350127134, 2.354127881054267, -9.060229873302259, 29.80607823212327, -20.096288942892485, -155.94780061926886, -20.0, -20.0, -20.0
-2.2771361633433735, 2.3438897939528087, -9.138357857673183, 30.530668902918855, -20.856059462940475, -156.56413686443236, -20.0, -20.0, -20.0
-2.26170657470079, 2.3332803187559783, -9.216769083834356, 31.187685667415586, -21.58184132438052, -157.0807677802607, -20.0, -20.0, -20.0
-2.2459638135236126, 2.322316148721996, -9.295416324849617, 31.783359041292755, -22.274838811548637, -157.50819628078725, -20.0, -20.0, -20.0
-2.2299367079213717, 2.3110130681055994, -9.374257837536245, 32.32506336767191, -22.937483654037656, -157.85785446572618, -20.0, -20.0, -20.0
-2.213650331410494, 2.299385478730198, -9.453257571617247, 32.82044267583919, -23.572873847566733, -158.14108185828243, -20.0, -20.0, -20.0
-2.197126001450214, 2.28744616172744, -9.532384976407894, 33.27687716528119, -24.18439416346622, -158.36853730430263, -20.0, -20.0, -20.0
-2.1803814822043943, 2.27520619300569, -9.611614589910248, 33.70119981799719, -24.775480723534564, -158.54991670511322, -20.0, -20.0, -20.0
-2.1634312874790935, 2.262674950869992, -9.690925535281133, 34.09957908320656, -25.34948781925592, -158.69386477842613, -20.0, -20.0, -20.0
-2.146287016886533, 2.249860173400359, -9.77030100103132, 34.47750328703486, -25.909622059277556, -158.8079982223236, -20.0, -20.0, -20.0
-2.1289576854302483, 2.236768038274748, -9.84972774686757, 34.83982253810503, -26.458918443167217, -158.89898512267328, -20.0, -20.0, -20.0
-2.111450024828998, 2.2234032483021915, -9.929195654763188, 35.19081986689687, -27.000241447057974, -158.97264645979766, -20.0, -20.0, -20.0
-2.093768746220703, 2.209769112782772, -10.008697331380265, 35.53429456628439, -27.53630063062033, -159.03406000850939, -20.0, -20.0, -20.0
-2.0759167605675066, 2.195867618947558, -10.088227760426614, 35.873648046500676, -28.06967471023585, -159.0876561768888, -20.0, -20.0, -20.0
-2.057895356781768, 2.1816994900408617, -10.167783999705918, 36.21196709645469, -28.602840916549585, -159.13730094032934, -20.0, -20.0, -20.0
-2.039704339456693, 2.167264227756614, -10.247364916003239, 36.55210220384608, -29.138208220442053, -159.18636424894987, -20.0, -20.0, -20.0
-2.0213421288516096, 2.15256013718997, -10.326970950567373, 36.896740216486634, -29.678154046133685, -159.23777400758587, -20.0, -20.0, -20.0
-2.002805825901754, 2.1375843325099595, -10.406603908204337, 37.24847158293528, -30.225064673907845, -159.29405654026633, -20.0, -20.0, -20.0
-1.9840912447615797, 2.122332721375326, -10.486266763523458, 37.609852977762074, -30.781379864627603, -159.35736473622086, -20.0, -20.0, -20.0
-1.9651929149002465, 2.10679996579769, -10.565963478475853, 37.98346646757054, -31.34964244591523, -159.42949507335757, -20.0, -20.0, -20.0
-1.9461040541308092, 2.090979416743636, -10.645698825889339, 38.371976610179, -31.93255377030108, -159.5118945805885, -20.0, -20.0, -20.0
-1.9268165132125858, 2.074863019265889, -10.725478214192092, 38.77818706271435, -32.53303614068661, -159.60565863042754, -20.0, -20.0, -20.0
-1.907320691835496, 2.05844118434849, -10.80530750892798, 39.2050984456457, -33.15430352890887, -159.71152031312488, -20.0, -20.0, -20.0
-1.887605424873791, 2.0417026229141184, -10.88519284702615, 39.65596940117393, -33.7999422085775, -159.82983207955718, -20.0, -20.0, -20.0
-1.8676578367667058, 2.0246341365368927, -10.965140440143214, 40.13438302716689, -34.47400330032508, -159.96054038869576, -20.0, -20.0, -20.0
-1.8474631607104224, 2.0072203582848993, -11.045156363812639, 40.64432119796669, -35.1811097076481, -160.10315428900472, -20.0, -20.0, -20.0
-1.827004517974196, 1.989443435723222, -11.125246329692967, 41.19024974693895, -35.926580539060836, -160.25670923230936, -20.0, -20.0, -20.0
-1.8062626510011388, 1.9712826463572835, -11.205415438999207, 41.777218145289794, -36.71657692469345, -160.41972799264897, -20.0, -20.0, -20.0
-1.785215601900802, 1.952713933566936, -11.28566791633888, 42.41097825605673, -37.55827423669671, -160.59018136604686, -20.0, -20.0, -20.0
-1.7638383253119432, 1.93370934819191, -11.366006824774052, 43.098128099378464, -38.46006726340644, -160.76545237463688, -20.0, -20.0, -20.0
-1.742102221156356, 1.9142363771000548, -11.446433765114557, 43.84628852297026, -39.4318171040147, -160.94230898738698, -20.0, -20.0, -20.0
-1.7199745681485346, 1.8942571348712613, -11.526948565329539, 44.664323508315135, -40.4851518111591, -161.1168918725387, -20.0, -20.0, -20.0
-1.6974178325278877, 1.8737273874987057, -11.607548969637717, 45.56261897427262, -41.63383767906383, -161.28472536017807, -20.0, -20.0, -20.0
-1.6743888175356605, 1.8525953667234778, -11.688230341364694, 46.55344099463614, -42.89424542184815, -161.44076154772955, -20.0, -20.0, -20.0
-1.6508376064641888, 1.830800318707034, -11.768985399070747, 47.65140329125044, -44.285946643926366, -161.5794692764835, -20.0, -20.0, -20.0
-1.62670623383739, 1.8082707087844463, -11.849804011786484, 48.87408721594445, -45.83249304642445, -161.69498158646215, -20.0, -20.0, -20.0
-1.6019269926254418, 1.7849219712644016, -11.930673086554721, 50.24287763184841, -47.56245703375409, -161.78131748648755, -20.0, -20.0, -20.0
-1.5764202459215158, 1.760653643714997, -12.011576590215139, 51.78410918385542, -49.51085316386344, -161.8326971551799, -20.0, -20.0, -20.0
-1.5500915520525596, 1.7353456493438622, -12.092495758371392, 53.53066629196951, -51.72112432067651, -161.84397546983308, -20.0, -20.0, -20.0
-1.5228278207506272, 1.7088533731319506, -12.173409559678715, 55.524258915760385, -54.24798052696963, -161.81122975945732, -20.0, -20.0, -20.0
-1.4944920743456447, 1.681000990256836, -12.254295506806411, 57.818726704169926, -57.16155097348948, -161.73255875132375, -20.0, -20.0, -20.0
-1.4649161557068782, 1.651572201042436, -12.335130943871588, 60.484947850896326, -60.55360588410956, -161.60918950938677, -20.0, -20.0, -20.0
-1.433890337160096, 1.6202970166356327, -12.415895007198845, 63.61832633623212, -64.54713174310342, -161.4470637996408, -20.0, -20.0, -20.0
-1.4011481140537922, 1.5868323533730098, -12.49657157716438, 67.35056608898266, -69.31152130738836, -161.25921606249852, -20.0, -20.0, -20.0
-1.3663432567514133, 1.5507325874901163, -12.577153762899147, 71.8688631205333, -75.08754222418564, -161.06952687657474, -20.0, -20.0, -20.0
-1.3290139036506896, 1.5114031635678447, -12.657650889959871, 77.44854928236185, -82.23015346490146, -160.91898136632244, -20.0, -20.0, -20.0
-1.2885238860320847, 1.4680241815384532, -12.738099814534161, 84.51152119205815, -91.2857746526643, -160.87671693083624, -20.0, -20.0, -20.0
