0.5175498060739796, -0.0007347787952220704
0.5174459248243799, -0.0012770651733934844
0.5175172481778348, -0.000915822536289889
0.5175948274854238, -0.00017791958869663133
0.5175054258203409, 0.0010840796127364913
0.517348324244045, 0.0017492574545560947
0.5173983291808911, 0.0016028733089324416
0.5173990046238368, 0.0016290266124434096
0.5173405873841601, 0.0018629071604510119
0.5172208078670805, 0.0022515600502813374
0.5170587196496774, 0.002687607678344612
0.5168765964551525, 0.0031083186928693744
0.5166820416736153, 0.003506272744554241
0.5164767999645458, 0.0038858409483249314
0.5162615482424163, 0.004250958609964643
0.5160366215448111, 0.004604507530268836
0.515802164902472, 0.0049486090739129865
0.5155581857443686, 0.005284868683698166
0.5153045799432526, 0.005614534974289046
0.5150411478119947, 0.005938601964255415
0.5147676050861365, 0.006257876330821774
0.5144835909363612, 0.006573022938051454
0.5141886740338424, 0.0068845964858402185
0.5138823572600408, 0.00719306401518493
0.5135640814368236, 0.007498821209391578
0.5132332283310332, 0.007802204370371255
0.5128891231129586, 0.008103499304989378
0.5125310363997012, 0.008402947953958934
0.5121581859817128, 0.008700753337562324
0.5117697383080754, 0.008997083222766968
0.5113648097899848, 0.009292072802269465
0.5109424679703117, 0.00958582659786346
0.5105017325986658, 0.0098784197460346
0.5100415766451858, 0.0101698987850913
0.5095609272817062, 0.010460282035437224
0.5090586668555652, 0.010749559644479755
0.5085336338788208, 0.011037693352933992
0.5079846240538021, 0.011324616028414409
0.5074103913545688, 0.011610231004159442
0.5068096491828614, 0.011894411254769015
0.5061810716163885, 0.012176998436427493
0.5055232947667271, 0.012457801815849143
0.5048349182636506, 0.012736597109840427
0.5041145068822562, 0.013013125255708354
0.5033605923288008, 0.013287091131595381
0.5025716752006006, 0.013558162245059301
0.5017462271346534, 0.013825967407738171
0.5008826931587459, 0.014090095413658799
0.49997949425766075, 0.014350093738589219
0.4990350301656433, 0.014605467277737962
0.49804962822874543, 0.014854085543064562
0.4970345767290755, 0.015085418559043655
0.49600048966218324, 0.01529115679822169
0.49494766718364686, 0.01547184456923436
0.49387650989961884, 0.01562796136782319
0.49278749705040564, 0.015759937254753748
0.49168116928539435, 0.01586816448990909
0.49055811487993906, 0.015953006422204874
0.48941895858120743, 0.016014804336031856
0.48826435249625916, 0.016053882754724844
0.4870949685909956, 0.01607055356464481
0.4859114924773066, 0.016065119228056424
0.48471461824309414, 0.016037875285362824
0.48350504413579554, 0.015989112298578773
0.48228346895110924, 0.01591911735237915
0.4810505890092369, 0.015828175202761176
0.47980709562408497, 0.015716569143667404
0.4785536729885852, 0.015584581647002785
0.47729099641304473, 0.015432494820067394
0.4760197308642466, 0.01526059071560773
0.4747405297616134, 0.015069151522814767
0.4734540339936752, 0.014858459662189578
0.4721608711236989, 0.014628797802914227
0.4708616547579662, 0.014380448817945791
0.4695569840540123, 0.014113695689304713
0.46824744334933854, 0.013828821373807691
0.46693360189380406, 0.013526108637690569
0.46561601367117933, 0.013205839867092083
0.4642952172972864, 0.012868296860159244
0.4629717359838082, 0.012513760605538465
0.4616460775582757, 0.012142511051191837
0.46031873453196887, 0.011754826866793959
0.4589901842085298, 0.011350985202396878
0.4576608888270024, 0.010931261445574728
0.45633129573381637, 0.010495928978865879
0.4550018375789223, 0.010045258938997007
0.45367293253189167, 0.009579519979097534
0.4523449845143214, 0.009098978034879787
0.4510183834453445, 0.008603896095565278
0.4496935054974459, 0.008094533980174984
0.44837071336013984, 0.007571148119663487
0.447050356509365, 0.007033991345263765
0.4457327714807304, 0.0064833126833132165
0.444418282144973, 0.005919357156751709
0.4431071999841989, 0.005342365593417067
0.44179982436765985, 0.004752574441208163
0.44049644282597233, 0.004150215590141185
0.4391973313228288, 0.0035355162012876973
0.4379027545233698, 0.0029086985425542666
0.4366129660584933, 0.0022699798312377367
0.4353282087844709, 0.001619572083273818
0.4340487150373227, 0.0009576819690807759
0.43277470688147357, 0.0002845106758902344
0.4315063963522795, -0.0003997462235524468
0.4302439856920638, -0.0010948988960380185
0.42898766757935614, -0.0018007633668178924
0.4277376253510661, -0.002517161632528908
0.4264940332173636, -0.0032439217682417865
0.4252570564690705, -0.003980878028755991
0.4240268516773942, -0.004727870944259319
0.4228035668858649, -0.0054847474104678245
0.42158734179435553, -0.006251360773355266
0.420378307935086, -0.007027570908576503
0.41917658884053055, -0.00781324429568249
0.4179823002031619, -0.008608254087218575
0.41679555002698027, -0.009412480172789603
0.415616438770788, -0.010225809238169278
0.4144450594831802, -0.011048134819521882
0.4132814979292336, -0.011879357352798478
0.4121258327088821, -0.012719384218360011
0.41097813536697997, -0.013568129780873114
0.4098384704950554, -0.014425515424513868
0.4087068958247688, -0.015291469583509645
0.407583462313095, -0.016165927768038185
0.4064682142192525, -0.017048832585495166
0.40536118917341246, -0.017940133757134477
0.4042624182372222, -0.01883978813007564
0.4031719259561858, -0.01974775968466451
0.4020897304039457, -0.02066401953716661
0.40101584321852113, -0.02158854593776248
0.39995026963055536, -0.02252132426380661
0.39889300848363707, -0.023462347008304796
0.39784405224675956, -0.02441161376355462
0.3968033870189928, -0.02536913119988811
0.3957709925264421, -0.026334913039445462
0.39474684211157895, -0.02730898002490359
0.3937309027150293, -0.028291359883073408
0.3927231348499154, -0.029282087283274014
0.39172349256884875, -0.030281203790383432
0.39073192342368174, -0.031288757812459905
0.3897483684181276, -0.032304804542819116
0.3887727619533699, -0.0333294058964472
0.387805031766784, -0.03436263044062271
0.38684509886390517, -0.03540455331961345
0.385892877443781, -0.036455256173309164
0.3849482748178564, -0.03751482704964415
0.3840111913225459, -0.03858336031065891
0.3830815202256553, -0.039660956532043795
0.3821591476268246, -0.04074772239600327
0.3812439523521733, -0.04184377057727409
0.3803358058433347, -0.04294921962212543
0.37943457204107933, -0.04406419382016667
0.37854010726373427, -0.04518882306878237
0.3776522600806157, -0.04632324273001133
0.3767708711807033, -0.04746759347968493
0.37589577323679285, -0.04862202114863341
0.3750267907653775, -0.04978667655577022
0.3741637399825148, -0.0509617153328604
0.3733064286559533, -0.052147297740777226
0.3724546559537976, -0.05334358847705155
0.3716082122900084, -0.054550756474516834
0.37076687916704104, -0.055768974690851486
0.36993042901594325, -0.05699841988882365
0.3690986250342387, -0.058239272407040785
0.36827122102194326, -0.05949171592101049
0.3674479612160666, -0.06075593719431942
0.3666285801239692, -0.062032125819741046
0.3658128023559563, -0.06332047395008523
0.36500034245750373, -0.06462117601860598
0.3641909047415234, -0.06593442844879077
0.36338418312109105, -0.06726042935335606
0.3625798609430714, -0.06859937822228349
0.3617776108230881, -0.06995147559973466
0.36097709448230336, -0.07131692274969159
0.36017796258648077, -0.072695921310177
0.35937985458782207, -0.07408867293591795
0.3585823985700807, -0.07549537892932527
0.3577852110974674, -0.07691623985967234
0.35698789706787876, -0.07835145517036701
0.3561900495709893, -0.07980122277422336
0.3553912497517643, -0.0812657386366517
0.35459106667995877, -0.08274519634669997
0.3537890572261853, -0.08423978667589305
0.3529847659451405, -0.08574969712483257
0.3521777249665942, -0.08727511145753539
0.35136745389475754, -0.08881620922350593
0.3505534597166523, -0.0903731652675563
0.34973523672012075, -0.09194614922740482
0.3489122664221179, -0.0935353250191053
0.3480840175079438, -0.09514085031037814
0.34724994578207546, -0.09676287598193611
0.3464094941312722, -0.09840154557691976
0.34556209250063097, -0.10005699473857957
0.34470715788327577, -0.10172935063636623
0.3438440943243726, -0.10341873138061411
0.34297229294016307, -0.10512524542602844
0.34209113195271895, -0.1068489909642121
0.34119997674111624, -0.10859005530549484
