-0.018599800942622608, 0.02984673596597616, -0.0046418571807877625, -66.46973140800078, 106.67669003030055, -16.54296573820645, -20.0, 20.0, 20.0
-0.03259436797587328, 0.052193863477446936, -0.007741939573260249, 10.491463274998125, -17.288179984417425, 4.142636168316503, -20.0, -20.0, 20.0
-0.03716768680363803, 0.059290780450991516, -0.008052698649789181, -28.78473858605713, 45.675847878595754, -5.385672474432237, -20.0, 20.0, 20.0
-0.0569604021842406, 0.09076937236707583, -0.011991646719358127, -50.38612293635317, 80.23851978574149, -10.370119803843547, -20.0, 20.0, 20.0
-0.07601945712994818, 0.12100516902292156, -0.015465513564915195, -25.85009684647712, 40.70466683764144, -3.525347578384727, -20.0, 20.0, 20.0
-0.09021643507762414, 0.14336281841567994, -0.017411702291031003, -30.937814944226723, 48.725930733392076, -4.259407326078507, -20.0, 20.0, 20.0
-0.10512323275616141, 0.1667896171580739, -0.019258194786306786, -28.68937576992236, 44.98126423618366, -3.126562655024631, -20.0, 20.0, 20.0
-0.11904594885752329, 0.18856935674160732, -0.020574553234510712, -27.001488635525135, 42.13769409795006, -2.1388711377910643, -20.0, 20.0, 20.0
-0.13221625407411197, 0.20907442970400433, -0.021420822392281897, -25.679732230829632, 39.882597751638016, -1.246205493293679, -20.0, 20.0, 20.0
-0.14478790157682656, 0.2285519546077346, -0.0218369733395248, -24.60685778002868, 38.02750186328296, -0.41839829567793807, -20.0, 20.0, 20.0
-0.1568678036138602, 0.24717375517983317, -0.02185092917599817, -23.71275036810592, 36.459700425111365, 0.36257494978446503, -20.0, 20.0, 20.0
-0.16853412182333322, 0.26506544020711165, -0.021483225452594595, -22.952522469786125, 35.10703968400249, 1.1082399438298238, -20.0, 20.0, 20.0
-0.17984621495950787, 0.28232239431041856, -0.02074957289809175, -22.29585007491246, 33.92077672922512, 1.8263702741815595, -20.0, 20.0, 20.0
-0.19085051824759316, 0.2990192291139374, -0.019662372275901126, -21.72136307742875, 32.86656248485041, 2.5224322145809355, -20.0, 20.0, 20.0
-0.2015842291733094, 0.3152157084238627, -0.01823166427031874, -21.213480625436226, 31.919354754850836, 3.200399807748609, -20.0, 20.0, 20.0
-0.21207772961055402, 0.3309606421514761, -0.01646575390387635, -20.760521123542286, 31.060380155602612, 3.863241658020963, -20.0, 20.0, 20.0
-0.22235623977537072, 0.3462945454341327, -0.014371637100398533, -20.353519535724505, 30.275232975023858, 4.513225555890296, -20.0, 20.0, 20.0
-0.23244098415102304, 0.36125151326469845, -0.011955301546377497, -19.985457966884827, 29.55263834723924, 5.1521166601938475, -20.0, 20.0, 20.0
-0.24235003574262795, 0.37586057803934575, -0.009221944697298631, -19.6507483995348, 28.883620751349888, 5.781310736121618, -20.0, 20.0, 20.0
-0.25209894160098045, 0.3901467154934154, -0.006176135441604955, -19.344875033875276, 28.26092906492863, 6.401926286653086, -20.0, 20.0, 20.0
-0.26170119558193644, 0.40413160506338414, -0.0028219364120847744, -19.064140889948778, 27.67862921494632, 7.014869831427638, -20.0, 20.0, 20.0
-0.27116860190792114, 0.417834214706764, 0.0008370018349935855, -18.80548441398998, 27.131809358573214, 7.620883156885803, -20.0, 20.0, 20.0
-0.28051155906946434, 0.43127125766141566, 0.004797367166087007, -18.56634423218282, 26.616362460033343, 8.220578167487883, -20.0, 20.0, 20.0
-0.28973928456041903, 0.44445755408748433, 0.009056127464621193, -18.344557731635877, 26.128823244241335, 8.814463026648864, -20.0, 20.0, 20.0
-0.29885999495898574, 0.4574063209199972, 0.013610483736728601, -18.138283862631027, 25.666244085810185, 9.402962061780773, -20.0, 20.0, 20.0
-0.3078810518200293, 0.47012940675522613, 0.01845783203431935, -17.94594358154314, 25.22609925510549, 9.986431128582215, -20.0, 20.0, 20.0
-0.3168090810505011, 0.4826374841030699, 0.02359573222097238, -17.76617334034413, 24.806210136269474, 10.565169618029909, -20.0, 20.0, 20.0
-0.3256500714756363, 0.49494020818029655, 0.02902188211211253, -17.597788360196688, 24.404686172637078, 11.139429946530688, -20.0, 20.0, 20.0
-0.3344094568996994, 0.5070463491626648, 0.034734095882604746, -17.43975333605589, 24.019877756835836, 11.709425135438186, -20.0, 20.0, 20.0
-0.34309218494644433, 0.5189639031764643, 0.0407302858973167, -17.29115885092377, 23.650338298362524, 12.275334923409629, -20.0, 20.0, 20.0
-0.3517027752151994, 0.5307001861055276, 0.047008447313235925, -17.151202224096387, 23.294793417890713, 12.83731074026727, -20.0, 20.0, 20.0
-0.3602453687303979, 0.5422619133925737, 0.05356664494551873, -17.019171836697673, 22.95211573029363, 13.39547978886394, -20.0, 20.0, 20.0
-0.36872377024183756, 0.553655268337682, 0.06040300199820318, -16.894434209060783, 22.62130405013966, 13.949948421873847, -20.0, 20.0, 20.0
-0.3771414846126644, 0.5648859608817843, 0.06751569034284723, -16.776423274246557, 22.301466126269688, 14.500804956702371, -20.0, 20.0, 20.0
-0.38550174828571604, 0.5759592784669961, 0.07490292209183584, -16.664631417960116, 21.991804214577446, 15.048122039252066, -20.0, 20.0, 20.0
-0.3938075566276065, 0.5868801302581393, 0.08256294226238341, -16.55860194960186, 21.691602949995218, 15.59195864293822, -20.0, 20.0, 20.0
-0.4020616878001907, 0.5976530857690655, 0.09049402236584526, -16.45792274073472, 21.40021909370931, 16.132361770909192, -20.0, 20.0, 20.0
-0.4102667236908556, 0.6082824087473759, 0.09869445478740597, -16.362220821924975, 21.117072819532392, 16.669367915333645, -20.0, 20.0, 20.0
-0.4184250683391003, 0.6187720870200368, 0.10716254784542739, -16.271157771053836, 20.84164027111109, 17.203004316752008, -20.0, 20.0, 20.0
-0.4265389642215976, 0.6291258588813861, 0.11589662143912685, -16.18442575893519, 20.57344717428564, 17.73329005804581, -20.0, 20.0, 20.0
-0.43461050669725665, 0.6393472365074883, 0.1248950032088798, -16.101744143700966, 20.312063330123244, 18.260237020965985, -20.0, 20.0, 20.0
-0.442641656864586, 0.6494395268016767, 0.13415602514610767, -16.022856525616366, 20.05709784663077, 18.783850727945488, -20.0, 20.0, 20.0
-0.4506342530434947, 0.6594058500115677, 0.14367802060003879, -15.947528190018282, 19.808194992933288, 19.304131087778995, -20.0, 20.0, 20.0
-0.4585900210607174, 0.6692491564048749, 0.15345932163709372, -15.87554387887247, 19.565030580295588, 19.821073060440703, -20.0, 20.0, 20.0
-0.4665105834908681, 0.6789722412476759, 0.16349825671561566, -15.80670584173036, 19.327308790908287, 20.33466725364706, -20.0, 20.0, 20.0
-0.4743974679825948, 0.6885777582925853, 0.17379314864443116, -15.740832125176404, 19.094759388729344, 20.844900461614902, -20.0, 20.0, 20.0
-0.48225211478054075, 0.6980682319541511, 0.1843423127985124, -15.67775506660739, 18.86713525753419, 21.351756154710078, -20.0, 20.0, 20.0
-0.4900758835381168, 0.7074460683235844, 0.19514405556900102, -15.617319963696945, 18.64421022019868, 21.855214927244358, -20.0, 20.0, 20.0
-0.4978700595028963, 0.716713565153764, 0.20619667302818595, -15.559383895421133, 18.425777100520047, 22.355254909495336, -20.0, 20.0, 20.0
-0.505635859145314, 0.7258729209276154, 0.21749844979282093, -15.503814674249277, 18.211645994884936, 22.851852149044607, -20.0, 20.0, 20.0
-0.5133744352919242, 0.7349262431078534, 0.22904765807151073, -15.450489912191529, 18.0016427260671, 23.344980965714605, -20.0, 20.0, 20.0
-0.5210868818164626, 0.7438755556532639, 0.2408425568838651, -15.399296185962223, 17.7956074555752, 23.834614283702916, -20.0, 20.0, 20.0
-0.5287742379351187, 0.7527228058757647, 0.25288139144077576, -15.35012828866222, 17.593393434428084, 24.320723943939736, -20.0, 20.0, 20.0
-0.5364374921465795, 0.7614698707031554, 0.2651623926765632, -15.30288855718109, 17.3948658751347, 24.803280999210003, -20.0, 20.0, 20.0
-0.5440775858523831, 0.7701185624044635, 0.27768377692490837, -15.257486266033013, 17.19990093009769, 25.282255994170484, -20.0, 20.0, 20.0
-0.551695416688796, 0.7786706338279188, 0.29044374573146137, -15.213837079618331, 17.008384763723548, 25.757619232041492, -20.0, 20.0, 20.0
-0.5592918415976971, 0.7871277831956679, 0.3034404857968348, -15.171862555986298, 16.820212707272862, 26.22934102945217, -20.0, 20.0, 20.0
-0.5668676796607177, 0.7954916584942298, 0.31667216904436274, -15.131489696096358, 16.63528848697444, 26.69739196065965, -20.0, 20.0, 20.0
-0.5744237147180824, 0.8037638614952732, 0.3301369528075624, -15.092650533362184, 16.45352351719954, 27.16174309213895, -20.0, 20.0, 20.0
-0.5819606977911571, 0.8119459514374688, 0.34383298013268376, -15.055281758936557, 16.274836251582727, 27.62236620834658, -20.0, 20.0, 20.0
-0.5894793493255848, 0.8200394483968427, 0.35775838019209355, -15.019324378774085, 16.09915158591261, 28.079234029292664, -20.0, 20.0, 20.0
-0.5969803612700302, 0.8280458363701766, 0.3719112688045191, -14.984723399007638, 15.926400307422849, 28.532320420409462, -20.0, 20.0, 20.0
-0.6044643990039335, 0.8359665660934851, 0.3862897490583906, -14.951427536605536, 15.75651858581124, 28.98160059507656, -20.0, 20.0, 20.0
-0.6119321031262474, 0.8438030576154175, 0.40089191203467256, -14.919388952650252, 15.5894475019186, 29.427051310051446, -20.0, 20.0, 20.0
-0.619384091115886, 0.851556702643528, 0.41571583762567477, -14.888563005904196, 15.42513261052325, 29.868651053957304, -20.0, 20.0, 20.0
-0.6268209588735149, 0.8592288666796994, 0.4307595954463881, -14.858908024611168, 15.263523534162639, 30.30638022889587, -20.0, 20.0, 20.0
-0.63424328215335, 0.8668208909595627, 0.44602124583490727, -14.830385094729314, 15.10457358529057, 30.740221325180798, -20.0, 20.0, 20.0
-0.6416516178927844, 0.8743340942094915, 0.46149884093848376, -14.80295786300787, 14.948239414424386, 31.170159089125207, -20.0, 20.0, 20.0
-0.6490465054469138, 0.8817697742336572, 0.4771904258817063, -14.776592353509896, 14.79448068223841, 31.596180683765024, -20.0, 20.0, 20.0
-0.6564284677343788, 0.8891292093426727, 0.49309404001323676, -14.751256796350114, 14.643259753823402, 32.01827584235678, -20.0, 20.0, 20.0
-0.6637980123003573, 0.8964136596345189, 0.5092077182274394, -14.72692146756398, 14.494541413561569, 32.43643701445386, -20.0, 20.0, 20.0
-0.6711556323020367, 0.9036243681377261, 0.5255294923571375, -14.703558539153613, 14.348292599267058, 32.850659504338736, -20.0, 20.0, 20.0
-0.6785018074214427, 0.9107625618261469, 0.5420573926336146, -14.681141938470642, 14.204482154416183, 33.2609416015696, -20.0, 20.0, 20.0
-0.6858370047101097, 0.9178294525141116, 0.558789449209854, -14.659647216196923, 14.063080597442921, 33.66728470338791, -20.0, 20.0, 20.0
-0.6931616793697273, 0.9248262376402739, 0.575723693742883, -14.639051422273356, 13.924059907206166, 34.06969342872831, -20.0, 20.0, 20.0
-0.700476275472597, 0.9317541009480375, 0.5928581610309586, -14.619332989205745, 13.787393323847917, 34.4681757235738, -20.0, 20.0, 20.0
-0.7077812266254601, 0.938614213070089, 0.6101908907012036, -14.600471622246234, 13.653055164358086, 34.862742957406475, -20.0, 20.0, 20.0
-0.7150769565800241, 0.9454077320242394, 0.6277199289431845, -14.582448196010144, 13.521020652243626, 35.25341001051748, -20.0, 20.0, 20.0
-0.7223638797933122, 0.9521358036274925, 0.6454433302838035, -14.565244657141994, 13.39126576076868, 35.640195351958575, -20.0, 20.0, 20.0
-0.7296424019407707, 0.9587995618350071, 0.6633591593987785, -14.54884393269189, 13.263767069289896, 36.023121107941414, -20.0, 20.0, 20.0
-0.7369129203849198, 0.9654001290103942, 0.6814654929558936, -14.533229843904962, 13.138501632258066, 36.40221312051896, -20.0, 20.0, 20.0
-0.7441758246021868, 0.9719386161335825, 0.6997604214851274, -14.518387025162747, 13.015446860495041, 36.77750099641594, -20.0, 20.0, 20.0
-0.7514314965704392, 0.9784161229523023, 0.7182420512707093, -14.504300847846833, 12.894580414384405, 37.149018145911505, -20.0, 20.0, 20.0
-0.7586803111196314, 0.9848337380830575, 0.7369085062601163, -14.490957348922318, 12.775880108636695, 37.51680181171641, -20.0, 20.0, 20.0
-0.7659436329899267, 0.9912561618880444, 0.7556023729571698, -14.56233013225912, 12.913815111310972, 37.25866497649786, -20.0, 20.0, 1.6300224697397425
-0.7732665235082415, 0.9978205909010023, 0.7739851302800167, -14.729231941000249, 13.343900940520268, 36.27236431488967, -20.0, 20.0, -20.0
-0.7806706968808483, 1.0045961949895679, 0.7918767030390826, -14.887461549426849, 13.758515413742176, 35.293926721373936, -20.0, 20.0, -20.0
-0.788151884088486, 1.0115753411407375, 0.8092810705241222, -15.037287281124108, 14.158069190936537, 34.32354321878447, -20.0, 20.0, -20.0
-0.7956956690503487, 1.0187203472520148, 0.8262766758436709, -15.137852566326536, 14.421955254172415, 33.65887805941034, -20.0, 20.0, -11.071337319925078
-0.8032986354150772, 1.0260248674261683, 0.8428672992099756, -15.27401289258727, 14.796125442441284, 32.70361540580836, -20.0, 20.0, -20.0
-0.8109324810726211, 1.0334104817553527, 0.8592354845558208, -15.261369737588298, 14.746331874295851, 32.76912597757252, -20.0, 20.0, 10.638167102617444
-0.8185954442061241, 1.0408733180429603, 0.875384224943888, -15.390482796423832, 15.105013276134477, 31.82583557469646, -20.0, 20.0, -20.0
-0.8263211516718904, 1.0485121795372125, 0.8910634679729056, -15.512347066641333, 15.450432700873913, 30.891136541373733, -20.0, 20.0, -20.0
-0.8341060422250423, 1.0563205414541843, 0.9062775205425908, -15.627215145966312, 15.783014967013148, 29.965073737366986, -20.0, 20.0, -20.0
-0.8419378964879474, 1.0642671735817666, 0.9210928613118241, -15.70020190565437, 16.003513543316068, 29.296289339566428, -20.0, 20.0, -12.345491202644553
-0.8498046494293657, 1.072320611868414, 0.9355787742067886, -15.766809860019181, 16.2102396032744, 28.647362240291304, -20.0, 20.0, -11.926678565633665
-0.8577043401961018, 1.0804773394243372, 0.949737037340964, -15.831953206925034, 16.416670620418127, 27.985690296410567, -20.0, 20.0, -12.514474765289378
-0.8656299747483915, 1.0887197019294104, 0.9636054157956577, -15.870585002234183, 16.552779399874368, 27.487823522364057, -20.0, 20.0, -7.604454196720326
-0.8735883580552019, 1.0970679719180283, 0.9771271221413473, -15.962948225007198, 16.84030055459707, 26.599001860394285, -20.0, 20.0, -20.0
-0.8815461343310845, 1.105431952523948, 0.9905245184018161, -15.868156878523715, 16.615621869081338, 26.990583181480563, -20.0, 20.0, 20.0
-0.8895029473821403, 1.113809977948414, 1.003800215953712, -15.959095325699593, 16.89647982878262, 26.112207026103544, -20.0, 20.0, -20.0
-0.8975038356564952, 1.1223258345362284, 1.0166388740844783, -16.04445777171976, 17.16694652247486, 25.242425496961744, -20.0, 20.0, -20.0
-0.9055460623467647, 1.13097442175994, 1.029044770454447, -16.12444898935861, 17.427402372371482, 24.381159982912994, -20.0, 20.0, -20.0
-0.9136051447802528, 1.13969155091841, 1.0411747731429373, -16.111880744593734, 17.441114261508268, 24.138850771048357, -20.0, 20.0, -0.467989518552713
-0.9216797193253313, 1.1484741845387665, 1.053032257001761, -16.186417435720227, 17.689420219917327, 23.29108466424662, -20.0, 20.0, -20.0
-0.9297662998430802, 1.157314031553411, 1.064635783162477, -16.1599046352754, 17.669967838660096, 23.12301997861765, -20.0, 20.0, 1.659695288896728
-0.9378637566715706, 1.1662084416525125, 1.0759885789469221, -16.229922678686233, 17.907672557745723, 22.2881631591627, -20.0, 20.0, -20.0
-0.9459778491916043, 1.1751736320672372, 1.0870461654902344, -16.226447401448745, 17.953089101153523, 21.94218301408647, -20.0, 20.0, -4.362901200770466
-0.9541071919905842, 1.1842066382383454, 1.0978119512340916, -16.290923794470793, 18.178935583279387, 21.120959961342496, -20.0, 20.0, -20.0
-0.9622240468821318, 1.1932350646604026, 1.1084740465175833, -16.176495771719335, 17.934770104949628, 21.527421172624123, -20.0, 20.0, 20.0
-0.97032850028834, 1.202258092354738, 1.1190348050290642, -16.24131785311323, 18.157340672391133, 20.71561287329903, -20.0, 20.0, -20.0
-0.9784642899907582, 1.2113904187297821, 1.1291916291023252, -16.30184095655958, 18.37196482778604, 19.911683419744858, -20.0, 20.0, -20.0
-0.9866162887009331, 1.2205940895586467, 1.1390395923114787, -16.306153884140155, 18.442718487672337, 19.480169416869096, -20.0, 20.0, -7.894404715828841
-0.9947726626755722, 1.2298390190148514, 1.1486553935571389, -16.3193420144162, 18.536999337146472, 18.983035565771242, -20.0, 20.0, -10.223273023058027
-1.0029215175270183, 1.2390946353944965, 1.1581201100724219, -16.27607739136866, 18.485466181434344, 18.875830495360802, -20.0, 20.0, 2.661285985570885
-1.0110731140775153, 1.2483870997150475, 1.1673628849533007, -16.330308810619364, 18.68439110076986, 18.09526902815407, -20.0, 20.0, -20.0
-1.019217325421449, 1.2576907235864199, 1.1764533268201092, -16.246536565115004, 18.5301043847196, 18.266498439080063, -20.0, 20.0, 11.847170943548917
-1.0273539386003891, 1.2670044117162336, 1.1853938889253395, -16.299916150645817, 18.724648134535165, 17.495749981840778, -20.0, 20.0, -20.0
-1.0355163227365671, 1.2764137109324865, 1.1939508801198662, -16.34962039406613, 18.912548730476203, 16.732214796265644, -20.0, 20.0, -20.0
-1.0436612030992727, 1.2858094029084783, 1.2024210152335606, -16.22990105675591, 18.67021917349112, 17.148325658511833, -20.0, 20.0, 20.0
-1.051788832959565, 1.2951911019478566, 1.2108063367884991, -16.28061838441392, 18.856576984022283, 16.392960561241914, -20.0, 20.0, -20.0
-1.0599409511592677, 1.3046644260390474, 1.2188157116384486, -16.32785441439635, 19.03671938074143, 15.64453883855601, -20.0, 20.0, -20.0
-1.06807506696428, 1.3141230764529042, 1.2267424244944156, -16.208608805653288, 18.79788227468512, 16.06231258531181, -20.0, 20.0, 20.0
-1.0761914475009682, 1.3235667374860118, 1.2345884332968826, -16.256913341099395, 18.976761857745323, 15.321722624556463, -20.0, 20.0, -20.0
-1.084331154516153, 1.333098384774757, 1.2420658139626415, -16.3019147196394, 19.149827297235237, 14.58780003847915, -20.0, 20.0, -20.0
-1.0924524858868139, 1.3426145539055474, 1.2494645237812962, -16.183410763004503, 18.914849225925966, 15.007039236139688, -20.0, 20.0, 20.0
-1.1005557183953198, 1.352114992202359, 1.2567864341065271, -16.22951927101919, 19.08690396132062, 14.280602064784242, -20.0, 20.0, -20.0
-1.10868122037429, 1.3617000985457142, 1.2637467228404893, -16.272488644861298, 19.25352141210004, 13.560552871064477, -20.0, 20.0, -20.0
-1.116788081746789, 1.3712691551004283, 1.2706321248539787, -16.154956845135242, 19.02270480675682, 13.98105518289354, -20.0, 20.0, 20.0
-1.1248765855521725, 1.3808219661946417, 1.2774444237856608, -16.19905837639904, 19.188539570096513, 13.26814054383535, -20.0, 20.0, -20.0
-1.1329800359184041, 1.3904406663914117, 1.2839478235892288, -16.21474308852712, 19.286261216983533, 12.745458670436431, -20.0, 20.0, -13.460981683948376
-1.141058600073601, 1.4000275681854446, 1.2904257348603223, -16.099513532260236, 19.06134595914797, 13.166186413938048, -20.0, 20.0, 20.0
-1.1491191939187744, 1.409598638091556, 1.2968336298659286, -16.142861848433093, 19.222933665297482, 12.465393608487645, -20.0, 20.0, -20.0
-1.1572007443679513, 1.419249302206918, 1.302892593977945, -16.183339948274135, 19.379722796150194, 11.770462839577492, -20.0, 20.0, -20.0
-1.1652639187253968, 1.4288840512987084, 1.3088832310996674, -16.069357481507645, 19.159273571012076, 12.19208564731203, -20.0, 20.0, 20.0
-1.1733089893528816, 1.4385027593811943, 1.3148071700346677, -16.110925028431268, 19.315558758931235, 11.503670092689395, -20.0, 20.0, -20.0
-1.1813524773881356, 1.4481454358219805, 1.3205480665650553, -16.06302711258475, 19.255147004213594, 11.459916028860746, -20.0, 20.0, 3.168392304180543
-1.1893939592924512, 1.457811073353553, 1.3261080098992923, -16.102900504677677, 19.407403122076076, 10.779857308087813, -20.0, 20.0, -20.0
-1.197417773517422, 1.4674617078493375, 1.3316032818890842, -15.992356395205555, 19.19513486106187, 11.201230651079461, -20.0, 20.0, 20.0
-1.205424171417276, 1.477097231604511, 1.3370354256262862, -16.033235204210413, 19.346960159632463, 10.527344297728257, -20.0, 20.0, -20.0
-1.2134336082861399, 1.4867669357488824, 1.3422570203996886, -16.004512271245254, 19.33185641785289, 10.359034795881104, -20.0, 20.0, -1.6207490281581158
-1.2214409288212622, 1.4964585852298644, 1.3473044011553672, -16.02476986924399, 19.4347415060749, 9.830488226833497, -20.0, 20.0, -14.953201619349784
-1.229426550817167, 1.5061249154370258, 1.3523248674051653, -15.91771811437464, 19.230579322570325, 10.251376772359217, -20.0, 20.0, 20.0
-1.2373954665218614, 1.5157771632971462, 1.3572855029870736, -15.957944704403454, 19.378412117911466, 9.59116555527389, -20.0, 20.0, -20.0
-1.2453631608571072, 1.5254523294080609, 1.3620742461160313, -15.91283263657975, 19.32225232574743, 9.563806960557246, -20.0, 20.0, 3.3643032156285244
-1.253329249246469, 1.535149572190962, 1.366692950959297, -15.951520920867152, 19.466718805857127, 8.911012412505414, -20.0, 20.0, -20.0
-1.2612394412003733, 1.544751834055156, 1.371337775156931, -15.689246894750259, 18.942328650919286, 9.668284378029753, -20.0, -20.0, 20.0
-1.2690561836681717, 1.5541798134748668, 1.3760922605558297, -15.577722976443155, 18.769589027923395, 9.349657217565758, -20.0, -19.77356023767561, -20.0
-1.276817960806676, 1.5635223011728476, 1.3806875061000403, -15.469385577574238, 18.600361763999643, 9.031324959277077, -20.0, -20.0, -20.0
-1.2845265508615187, 1.5727814584698196, 1.3851232023946942, -15.36497464179639, 18.43626742388841, 8.711460219338482, -20.0, -20.0, -20.0
-1.2921838740380773, 1.5819597903870102, 1.3893986032725285, -15.264318064438068, 18.277060244873773, 8.39014329199903, -20.0, -20.0, -20.0
-1.2997917670256502, 1.591059682989034, 1.3935130012954429, -15.167253885853292, 18.122510163221477, 8.067448799658195, -20.0, -20.0, -20.0
-1.3073502617386654, 1.6000792752699766, 1.3974792308929105, -15.066724966207044, 17.95585896054872, 7.7974695902120414, -20.0, -20.0, -17.939830436555667
-1.314844165057677, 1.608980252553062, 1.4014297049989004, -14.90888830983911, 17.648050171793468, 8.004426833747715, -20.0, -20.0, 0.3599450754663849
-1.3222774722787607, 1.6177696013410756, 1.4053498687904324, -14.824340574495928, 17.509344980260312, 7.676228332380867, -20.0, -20.0, -20.0
-1.3296692440358013, 1.626490530073371, 1.4091056742571535, -14.742746453667046, 17.374369948921245, 7.346993534503057, -20.0, -20.0, -20.0
-1.3370161892596926, 1.6351335349090927, 1.4127343232573013, -14.645034441897458, 17.19764939396578, 7.167602466088477, -20.0, -20.0, -14.182834060923824
-1.344312547766724, 1.6436830789399421, 1.4162936514367752, -14.540399586227917, 17.000526729431687, 7.0697102518071855, -20.0, -20.0, -10.962461379338038
-1.3515647919241562, 1.6521526269070668, 1.419745229500988, -14.468577043501067, 16.877665139066544, 6.736602005044148, -20.0, -20.0, -20.0
-1.3587561108808812, 1.6605002716976773, 1.423236720239658, -14.29669878339894, 16.512914023375714, 7.229360949636149, -20.0, -20.0, 12.139474636347131
-1.3658885436531498, 1.6687284691414315, 1.426767190826504, -14.23303230567537, 16.39987575164079, 6.892521397748104, -20.0, -20.0, -20.0
-1.372989694732658, 1.676900810778866, 1.4301290848597366, -14.171572012358014, 16.28949079809816, 6.555054735182191, -20.0, -20.0, -20.0
-1.3800606472909378, 1.685018597469701, 1.433322095366409, -14.112238220760622, 16.181655965241575, 6.216987291507903, -20.0, -20.0, -20.0
-1.3870916896763772, 1.693057388282341, 1.4364342036706805, -14.011931320997231, 15.973507285318497, 6.231445925577908, -20.0, -20.0, -6.129375445192409
-1.3940841575091636, 1.7010187620048414, 1.4394649177447116, -13.95794001014871, 15.871987604683031, 5.891410370546718, -20.0, -20.0, -20.0
-1.4010319772624773, 1.708886622403977, 1.4424755902381752, -13.833339003106413, 15.599453991859134, 6.1512796033073105, -20.0, -20.0, 3.700607342320609
-1.4079366092067656, 1.716662665480974, 1.4454656421578378, -13.78518877404675, 15.504718316128857, 5.808928075342849, -20.0, -20.0, -20.0
-1.41481759057894, 1.724391829148897, 1.448284422463287, -13.73873671465129, 15.4119363555634, 5.466193146453511, -20.0, -20.0, -20.0
-1.4216537709267474, 1.7320224684416805, 1.4511164149258835, -13.60598467657851, 15.110620815569865, 5.861776703932856, -20.0, -20.0, 9.368509693784517
-1.428446585483106, 1.7395562148222887, 1.4539610495780306, -13.565273548856524, 15.02436470686328, 5.516761904655954, -20.0, -20.0, -20.0
-1.4352194138789942, 1.7470472445447205, 1.4566331105888286, -13.526040034696285, 14.939754182863492, 5.171482138535572, -20.0, -20.0, -20.0
-1.441963328780302, 1.7544732240044143, 1.45921473039449, -13.44961957053479, 14.76416365591144, 5.154997084110322, -20.0, -20.0, -6.827481852502842
-1.4486793003921155, 1.7618352320667159, 1.4617056203794623, -13.414266876719553, 14.683868593295124, 4.808562855778328, -20.0, -20.0, -20.0
-1.455349020916321, 1.7690880464991876, 1.46427195559272, -13.264615220102554, 14.327389136591808, 5.456777997252517, -20.0, -20.0, 20.0
-1.461973914669084, 1.7762332336640567, 1.4669131687662507, -13.234959790949876, 14.253359522884944, 5.108074696870506, -20.0, -20.0, -20.0
-1.4685842736143144, 1.7833417116804189, 1.4693800048892969, -13.206475989971969, 14.180552542563541, 4.759269795313903, -20.0, -20.0, -20.0
-1.4751806748439948, 1.7904140831406063, 1.4716724129958296, -13.179128928749964, 14.1089332981862, 4.410362630817405, -20.0, -20.0, -20.0
-1.4817425767960588, 1.7974000572461726, 1.473975561409518, -13.068478879505593, 13.83496312407903, 4.80223102393645, -20.0, -20.0, 10.042698028121436
-1.4882710637790444, 1.804300791288556, 1.4762890843150753, -13.045469052437063, 13.767973045454829, 4.451860598292497, -20.0, -20.0, -20.0
-1.4947882946806044, 1.8111682802938212, 1.478427413291288, -13.023454553802894, 13.701982975605754, 4.101455306558012, -20.0, -20.0, -20.0
-1.5012734269719292, 1.8179513818713462, 1.4805806840523708, -12.917074611496624, 13.430423334494797, 4.511627737772746, -20.0, -20.0, 11.029160220874473
-1.5077274656769666, 1.8246511459979307, 1.4827485759379886, -12.899080208653018, 13.368633171843372, 4.159939804698205, -20.0, -20.0, -20.0
-1.5141727250510646, 1.8313202245782478, 1.4847406293797418, -12.881957287738622, 13.307681149425557, 3.8082739623148574, -20.0, -20.0, -20.0
-1.520587532210798, 1.837905288554205, 1.486756989711104, -12.777271351195091, 13.032574754403216, 4.257167363133251, -20.0, -20.0, 12.846484273421083
-1.5269728345646714, 1.8444073074540872, 1.488797368784384, -12.76393806429804, 12.975500845124856, 3.904348929987026, -20.0, -20.0, -20.0
-1.5333516606613073, 1.850880963346346, 1.4906613566564497, -12.75136632224589, 12.919122723910638, 3.5516025582755466, -20.0, -20.0, -20.0
-1.539704040952823, 1.857276872559766, 1.4925361933423067, -12.658154843817332, 12.664514129768426, 3.947744185152673, -20.0, -20.0, 10.894219590912257
-1.5460308131347853, 1.863595871567068, 1.4944216517420137, -12.648933884031381, 12.61148189943939, 3.594089413675281, -20.0, -20.0, -20.0
-1.5523531417887864, 1.869888499394079, 1.496130309791744, -12.64038073197263, 12.559029408604927, 3.2405427852463573, -20.0, -20.0, -20.0
-1.5586455794913585, 1.8760916675356423, 1.4979033339992995, -12.52937007831574, 12.253643157648323, 3.8515540449754613, -20.0, -20.0, 20.0
-1.5649090262306657, 1.8822062651117515, 1.4997404632197346, -12.524416878913208, 12.204747146788703, 3.4969628367647565, -20.0, -20.0, -20.0
-1.571170140437289, 1.8882965294208216, 1.5014003355344538, -12.520039947580234, 12.156310089491317, 3.1425264221122946, -20.0, -20.0, -20.0
-1.5774190808832782, 1.8943376332872375, 1.502979335833333, -12.47572183637592, 12.008105376172425, 3.173474773404286, -20.0, -20.0, -3.94136307847441
-1.5836563460464386, 1.900330032234264, 1.5044774171071764, -12.473338816265459, 11.961490411933305, 2.818850321969689, -20.0, -20.0, -20.0
-1.5898676925055488, 1.9062374255926346, 1.5060373611522955, -12.372047020175293, 11.668083021549053, 3.4209258585068145, -20.0, -20.0, 20.0
-1.5960539073048512, 1.9120605653752447, 1.5076589672522511, -12.372812177033765, 11.624476108891171, 3.0654985413156215, -20.0, -20.0, -20.0
-1.6022406190514062, 1.9178619812268896, 1.5091029082899263, -12.374034809186622, 11.581187297688498, 2.710265609384983, -20.0, -20.0, -20.0
-1.6084078778206858, 1.9235912928740482, 1.5105667667239486, -12.29500026793138, 11.336059290946029, 3.145168126703908, -20.0, -20.0, 13.187644667735526
-1.614556322205128, 1.9292490874364034, 1.5120504204866738, -12.298777269837487, 11.295118958474898, 2.7894469241964117, -20.0, -20.0, -20.0
-1.6207067544769163, 1.934886474583338, 1.513356265995769, -12.302951817315824, 11.254429629263312, 2.433935112183435, -20.0, -20.0, -20.0
-1.6268355839375586, 1.9404435093042178, 1.5147213812970588, -12.212366025253472, 10.973709254255342, 3.0265260929757773, -20.0, -20.0, 20.0
-1.6329434810279249, 1.945920805086052, 1.5161456267771967, -12.21922233621179, 10.935473873081277, 2.6704558275760064, -20.0, -20.0, -20.0
-1.639054891065659, 1.951379028241781, 1.5173918950578125, -12.226417814724686, 10.897418749835422, 2.3146172948869324, -20.0, -20.0, -20.0
-1.6451480437130426, 1.956762386972284, 1.5186828024268275, -12.146192774809771, 10.636016172176241, 2.849012181173599, -20.0, -20.0, 17.716426656370345
-1.6512235312554824, 1.9620714070491116, 1.520018249137913, -12.155757394949784, 10.600064135134184, 2.492774663168715, -20.0, -20.0, -20.0
-1.6573038733661014, 1.967362482066317, 1.5211756383518116, -12.165611047525989, 10.564235933686811, 2.1367821924251147, -20.0, -20.0, -20.0
-1.6633668964736945, 1.9725783022755228, 1.5223855884537474, -12.086481382846744, 10.299044903136815, 2.703018215318075, -20.0, -20.0, 19.229757502741904
-1.6694131637760603, 1.977719358629197, 1.5236480131183976, -12.098587826616356, 10.265180511560436, 2.346680443282918, -20.0, -20.0, -20.0
-1.6754655451483778, 1.9828435009836847, 1.5247323330857918, -12.110937662653132, 10.23138890638988, 1.9905994262938052, -20.0, -20.0, -20.0
-1.6815038800739246, 1.987898117451378, 1.5258520524267185, -12.042402039533792, 9.987076964383013, 2.4882779374128883, -20.0, -20.0, 16.456058123181663
-1.6875286605311597, 1.9928836229247084, 1.5270071171664428, -12.0567197894064, 9.954944928938856, 2.131981021483841, -20.0, -20.0, -20.0
-1.6935606509382635, 1.9978530708508837, 1.527984098470646, -12.071241839009168, 9.922846775762606, 1.7759441953292674, -20.0, -20.0, -20.0
-1.6995781927065114, 2.002749405997374, 1.52901639491103, -11.998925233982844, 9.662493810198912, 2.353241566206406, -20.0, -20.0, 20.0
-1.7055817753951483, 2.0075730386823816, 1.5301039508556877, -12.015405520564828, 9.632036929831584, 1.9969822124243994, -20.0, -20.0, -20.0
-1.7115936400338467, 2.012381441644029, 1.5310134436293394, -12.03205303422872, 9.601574916758157, 1.6409888821826466, -20.0, -20.0, -20.0
-1.7175925928729714, 2.0171182012242914, 1.5319774702275246, -11.963758322270218, 9.345463404292701, 2.215117510558028, -20.0, -20.0, 20.0
-1.7235790863875642, 2.02178368808521, 1.5329959901838002, -11.982215736100809, 9.316484039380702, 1.8589623145439655, -20.0, -20.0, -20.0
-1.7295748420980785, 2.026434675622924, 1.5338364997747274, -12.000807105956552, 9.287466111476268, 1.503076049164813, -20.0, -20.0, -20.0
-1.7355591232150174, 2.031015362872227, 1.5347308364535468, -11.936317361798748, 9.035282885735521, 2.0742706661130788, -20.0, -20.0, 20.0
-1.7415323480053095, 2.0355260849115613, 1.5356789725129465, -11.956581799369696, 9.00760527160207, 1.718273571485422, -20.0, -20.0, -20.0
-1.7475157310163658, 2.040022951358548, 1.5364491773148314, -11.97695024485499, 8.979860516345315, 1.3625456360545665, -20.0, -20.0, -20.0
-1.7534889841143666, 2.044450745468876, 1.5372725704125711, -11.916062147148311, 8.731315924966049, 1.9310267549041216, -20.0, -20.0, 20.0
-1.7594524939272949, 2.0488097703466943, 1.5381491346950298, -11.937977104564943, 8.70478358630821, 1.575230374930352, -20.0, -20.0, -20.0
-1.765426980462483, 2.0531555061818567, 1.5388478675397377, -11.959969036187157, 8.678159754340571, 1.2197010039013823, -20.0, -20.0, -20.0
-1.7713925955137058, 2.057433292390347, 1.5395992118005546, -11.902491168704639, 8.432985079621298, 1.7856760393666624, -20.0, -20.0, 20.0
-1.7773496963726927, 2.061643403309752, 1.5404031590130036, -11.925912267243051, 8.407458597997884, 1.4301128104291667, -20.0, -20.0, -20.0
-1.783314840055945, 2.0658305289011225, 1.5410725848011777, -11.934662465766735, 8.341043767484608, 1.2475903422667776, -20.0, -20.0, -12.484052048796912
-1.7892696418712228, 2.0699433048625764, 1.5418257611981792, -11.884544795344656, 8.110060078331252, 1.7651152457393642, -20.0, -20.0, 17.99560949011419
-1.7952181540075665, 2.0739922117492897, 1.5426194786550442, -11.909503750029764, 8.085567468522386, 1.4097545817212809, -20.0, -20.0, -20.0
-1.8011791526664422, 2.0780288379580067, 1.5432355819363028, -11.934490885473426, 8.060937366346092, 1.054658543313016, -20.0, -20.0, -20.0
-1.8071336408286574, 2.0819995577178623, 1.5439032680299984, -11.883461763387377, 7.821941673076014, 1.6160858314698383, -20.0, -20.0, 20.0
-1.8130819211787832, 2.085904591511085, 1.5446225450347073, -11.90965963711569, 7.798193499815604, 1.261022187365655, -20.0, -20.0, -20.0
-1.8190417295154624, 2.089793242563579, 1.5451835614194254, -11.929573709601309, 7.756410710158287, 0.9830433515061523, -20.0, -20.0, -16.64040163142775
-1.8249945040185154, 2.0936123899848544, 1.5458149339066871, -11.881524302610826, 7.52017897494445, 1.5424465975405997, -20.0, -20.0, 20.0
-1.830942119559737, 2.0973667251293198, 1.5464974601049155, -11.908937862276012, 7.497161602916389, 1.1876581953726206, -20.0, -20.0, -20.0
-1.8369029088109663, 2.101107982028737, 1.547009260535958, -11.934219142640538, 7.467865994752679, 0.8595435287969322, -20.0, -20.0, -18.841838864694694
-1.8428586948065013, 2.1047834817622224, 1.5475784201027687, -11.888924839499893, 7.234132939189433, 1.4170947384460564, -20.0, -20.0, 20.0
-1.8488102711983303, 2.1083949367132018, 1.5481983479735246, -11.917380727816148, 7.2116868647278425, 1.0626167445775787, -20.0, -20.0, -20.0
-1.8547712062079929, 2.111980924387302, 1.5487028889416974, -11.926359310834355, 7.1322638316726525, 0.9555471281135182, -20.0, -20.0, -9.141539523168348
-1.860729227867491, 2.115505259921542, 1.549249833084679, -11.905727327157944, 6.965078305287581, 1.232229443812184, -20.0, -20.0, 7.731515056088909
-1.8666894243918413, 2.1189822915990524, 1.5497774143231915, -11.935058770243291, 6.943048404753906, 0.8780955102378212, -20.0, -20.0, -20.0
-1.872649580134724, 2.122404744611703, 1.5503185099329801, -11.905564201287408, 6.746763645848675, 1.2862869289172343, -20.0, -20.0, 13.551110197781327
-1.8786098751043316, 2.1257727229450114, 1.5508731608625166, -11.93561567714337, 6.725149687385761, 0.9323167892288953, -20.0, -20.0, -20.0
-1.8845851822745472, 2.129129844715091, 1.5512508840386678, -11.96561300371844, 6.703337392931898, 0.5785759153762975, -20.0, -20.0, -20.0
-1.8905754744326837, 2.1324760145762127, 1.5514517883844443, -11.995555628827642, 6.681342051554719, 0.22504146772999378, -20.0, -20.0, -20.0
-1.8965807240848451, 2.1358111448213757, 1.5514759713900808, -12.025442979817894, 6.659178929096279, -0.12830944518392717, -20.0, -20.0, -20.0
-1.902600903445014, 2.1391351553705316, 1.5513235190851062, -12.055274460857204, 6.636863267526544, -0.48149977471387206, -20.0, -20.0, -20.0
-1.9086359844227876, 2.1424479737585003, 1.5509945060063883, -12.085049450236875, 6.614410284348518, -0.8345525401577791, -20.0, -20.0, -20.0
-1.914685938609768, 2.1457495351226, 1.5504889951621295, -12.114767297685445, 6.591835172050083, -1.1874908368776298, -20.0, -20.0, -20.0
-1.9207507372646127, 2.149039782190012, 1.549807037991798, -12.144427321693076, 6.5691530975976615, -1.5403378444477953, -20.0, -20.0, -20.0
-1.9268303512967473, 2.1523186652649033, 1.5489486743219782, -12.174028806845193, 6.546379201966886, -1.8931168348314196, -20.0, -20.0, -20.0
-1.9329247512487495, 2.1555861422153213, 1.5479139323181257, -12.203571001164132, 6.523528599705466, -2.24585118057885, -20.0, -20.0, -20.0
-1.939033907277405, 2.1588421784598784, 1.5467028284322204, -12.233053113457558, 6.5006163785234845, -2.5985643630419006, -20.0, -20.0, -20.0
-1.9451577891334375, 2.1620867469542357, 1.5453153673463105, -12.262474310672426, 6.47765759890631, -2.951279980597464, -20.0, -20.0, -20.0
-1.951296366139919, 2.165319828177399, 1.5437515419119427, -12.291833715253162, 6.4546672937453335, -3.3040217568736896, -20.0, -20.0, -20.0
-1.957449607169358, 2.1685414101178306, 1.5420113330854814, -12.321130402502746, 6.431660467981653, -3.6568135489716025, -20.0, -20.0, -20.0
-1.96361748061947, 2.1717514882593907, 1.5400947098593198, -12.350363397945284, 6.4086520982578, -4.009679355674664, -20.0, -20.0, -20.0
-1.9697999543876283, 2.1749500655670984, 1.5380016291889915, -12.379531674688577, 6.385657132572495, -4.362643325638352, -20.0, -20.0, -20.0
-1.9759969958439967, 2.1781371524727247, 1.5357320359161941, -12.408634150785126, 6.362690489933344, -4.715729765551393, -20.0, -20.0, -20.0
-1.9822085718033404, 2.1813127668602084, 1.5332858626877413, -12.43766968658988, 6.339767060002251, -5.0689631482597575, -20.0, -20.0, -20.0
-1.9884346484955162, 2.184476934050891, 1.5306630298704653, -12.466637082112937, 6.3169017027281935, -5.422368120844035, -20.0, -20.0, -20.0
-1.9946751915346357, 2.1876296867885636, 1.5278634454620943, -12.495535074365264, 6.294109247961835, -5.775969512640151, -20.0, -20.0, -20.0
-2.000930165886901, 2.1907710652243155, 1.524887004998136, -12.524362334695372, 6.271404495046291, -6.129792343192836, -20.0, -20.0, -20.0
-2.0071995358371035, 2.1939011169011717, 1.5217335914548051, -12.553117466114701, 6.248802212378133, -6.483861830130515, -20.0, -20.0, -20.0
-2.0134832649537846, 2.1970198967384995, 1.518403075148035, -12.581799000609353, 6.226317136932507, -6.838203396949587, -20.0, -20.0, -20.0
-2.019781316053046, 2.200127467016169, 1.5148953136286238, -12.610405396435555, 6.203963973745982, -7.192842680695286, -20.0, -20.0, -20.0
-2.0260936511610037, 2.203223897358443, 1.5112101515735687, -12.63893503539613, 6.181757395350486, -7.5478055395254495, -20.0, -20.0, -20.0
-2.0324202314748763, 2.2063092647175684, 1.5073474206736517, -12.667386220094977, 6.1597120411513515, -7.903118060142658, -20.0, -20.0, -20.0
-2.0387610173226918, 2.2093836533570417, 1.5033069395173462, -12.695757171166385, 6.137842516742204, -8.258806565079217, -20.0, -20.0, -20.0
-2.0451159681216025, 2.2124471548345146, 1.4990885134711218, -12.724046024475781, 6.116163393149028, -8.614897619818462, -20.0, -20.0, -20.0
-2.0514850423347935, 2.2154998679843008, 1.4946919345562335, -12.752250828288267, 6.094689205995393, -8.971418039734742, -20.0, -20.0, -20.0
-2.057868197426966, 2.2185418988994448, 1.4901169813220916, -12.780369540401034, 6.0734344545803625, -9.328394896833288, -20.0, -20.0, -20.0
-2.064265389818375, 2.221573360913305, 1.4853634187163158, -12.80840002523555, 6.052413600860198, -9.685855526269936, -20.0, -20.0, -20.0
-2.0706765748374054, 2.224594374580601, 1.480430997951591, -12.836340050885052, 6.031641068324446, -10.043827532629312, -20.0, -20.0, -20.0
-2.077101706671655, 2.2276050676578714, 1.475319456369449, -12.864187286112726, 6.011131240756488, -10.40233879593872, -20.0, -20.0, -20.0
-2.083540738317507, 2.2306055750832776, 1.4700285173011158, -12.891939297295522, 5.990898460868058, -10.761417477393433, -20.0, -20.0, -20.0
-2.089993621528158, 2.2335960389556937, 1.4645578899255756, -12.91959354530842, 5.970957028796647, -11.121092024767496, -20.0, -20.0, -20.0
-2.096460306760071, 2.2365766085130065, 1.4589072691250131, -12.947147382343518, 5.951321200454048, -11.48139117748245, -20.0, -20.0, -20.0
-2.1029407431178213, 2.2395474401095483, 1.4530763353378164, -12.974598048658121, 5.932005185713607, -11.842343971304564, -20.0, -20.0, -20.0
-2.1094348782972974, 2.2425086971925823, 1.4470647544093305, -13.001942669245615, 5.913023146423019, -12.203979742639216, -20.0, -20.0, -20.0
-2.1159426585272145, 2.245460550277745, 1.4408721774405735, -13.029178250422644, 5.894389194228714, -12.566328132389074, -20.0, -20.0, -20.0
-2.122464028508902, 2.2484031769233517, 1.4344982406351412, -13.056301676325766, 5.876117388197039, -12.929419089340456, -20.0, -20.0, -20.0
-2.1289989313543107, 2.251336761703455, 1.427942565144546, -13.08330970531042, 5.858221732216563, -13.293282873040017, -20.0, -20.0, -20.0
-2.1355473085221996, 2.2542614961795504, 1.4212047569122557, -13.11019896624475, 5.840716172164878, -13.657950056121425, -20.0, -20.0, -20.0
-2.1421090997524335, 2.257177578870797, 1.4142844065167155, -13.136965954690469, 5.823614592822271, -14.023451526039075, -20.0, -20.0, -20.0
-2.1486842429983466, 2.260085215222631, 1.407181089013665, -13.163607028962616, 5.806930814513591, -14.389818486163144, -20.0, -20.0, -20.0
-2.1552726743571022, 2.262984617573624, 1.3998943637780772, -13.190118406059769, 5.790678589458494, -14.757082456187375, -20.0, -20.0, -20.0
-2.1618743279979813, 2.265876005120441, 1.3924237743460808, -13.216496157455897, 5.77487159780909, -15.125275271797877, -20.0, -20.0, -20.0
-2.1684891360885317, 2.2687596038807314, 1.3847688482572442, -13.242736204744777, 5.759523443352746, -15.494429083547962, -20.0, -20.0, -20.0
-2.1751170287184998, 2.2716356466537837, 1.376929096897637, -13.268834315127545, 5.744647648856491, -15.864576354880585, -20.0, -20.0, -20.0
-2.181757933821465, 2.274504372978755, 1.3689040153441079, -13.294786096733679, 5.7302576510280865, -16.23574985923632, -20.0, -20.0, -20.0
-2.18841177709409, 2.277366029090279, 1.3606930822102536, -13.320586993765405, 5.716366795067381, -16.607982676180967, -20.0, -20.0, -20.0
-2.195078481912895, 2.2802208678712406, 1.3522957594945877, -13.346232281455285, 5.702988328780014, -16.9813081864828, -20.0, -20.0, -20.0
-2.2017579692484652, 2.2830691488024915, 1.3437114924314506, -13.37171706082644, 5.690135396223986, -17.355760066065297, -20.0, -20.0, -20.0
-2.208450157576983, 2.285911137909262, 1.334939709345245, -13.397036253244679, 5.677821030857901, -17.731372278756655, -20.0, -20.0, -20.0
-2.215154962788982, 2.288747107704016, 1.3259798215086178, -13.422184594751595, 5.666058148157997, -18.108179067752733, -20.0, -20.0, -20.0
-2.221872298095212, 2.2915773371254726, 1.3168312230052532, -13.447156630167502, 5.654859537669232, -18.4862149457052, -20.0, -20.0, -20.0
-2.228602073929492, 2.2944021114735036, 1.3074932905979915, -13.471946706952968, 5.644237854453866, -18.86551468334153, -20.0, -20.0, -20.0
-2.2353441978484345, 2.2972217223395917, 1.2979653836030265, -13.496548968817624, 5.634205609899007, -19.246113296518125, -20.0, -20.0, -20.0
-2.242098574427905, 2.300036467532527, 1.2882468437709964, -13.520957349064844, 5.6247751618426225, -19.628046031602363, -20.0, -20.0, -20.0
-2.2488651051560864, 2.3028466509989816, 1.2783369951758274, -13.545165563660957, 5.615958703975447, -20.01134834907358, -20.0, -20.0, -20.0
-2.255643688323006, 2.305652582738594, 1.2682351441122524, -13.569167104017675, 5.607768254474135, -20.396055905227037, -20.0, -20.0, -20.0
-2.26243421890638, 2.3084545787131674, 1.257940579002981, -13.592955229476603, 5.600215643818854, -20.78220453185883, -20.0, -20.0, -20.0
-2.2692365884536203, 2.3112529607495587, 1.2474525703165653, -13.616522959484891, 5.593312501746333, -21.169830213803362, -20.0, -20.0, -20.0
-2.2760506849598543, 2.314048056435817, 1.2367703704970674, -13.639863065451424, 5.587070243287232, -21.55896906418858, -20.0, -20.0, -20.0
-2.2828763927417857, 2.3168401990100973, 1.2258932139067034, -13.662968062273322, 5.581500053834433, -21.949657297267606, -20.0, -20.0, -20.0
-2.2897135923072347, 2.3196297272418525, 1.2148203167827167, -13.685830199523073, 5.576612873186742, -22.341931198678715, -20.0, -20.0, -20.0
-2.296562160220187, 2.322416985304777, 1.2035508772098023, -13.708441452287238, 5.572419378510273, -22.73582709297898, -20.0, -20.0, -20.0
-2.303421968961171, 2.3252023226409437, 1.192084075109485, -13.73079351164844, 5.568929966157718, -23.131381308290173, -20.0, -20.0, -20.0
-2.310292886782784, 2.327986093815554, 1.1804190722479402, -13.7528777748033, 5.5661547322836835, -23.528630137888886, -20.0, -20.0, -20.0
-2.3171747775601874, 2.330768658361673, 1.1685550122638264, -13.774685334810036, 5.564103452192331, -23.92760979856636, -20.0, -20.0, -20.0
-2.3240675006363802, 2.333550380614309, 1.1564910207177905, -13.796206969960725, 5.562785558351834, -24.328356385577212, -20.0, -20.0, -20.0
-2.330970910662064, 2.336331629533149, 1.1442262051653986, -13.817433132774724, 5.5622101170085445, -24.73090582399029, -20.0, -20.0, -20.0
-2.337884857429911, 2.3391127785132344, 1.1317596552553388, -13.838353938611371, 5.562385803332421, -25.135293816249288, -20.0, -20.0, -20.0
-2.3448091857030393, 2.3418942051828235, 1.11909044285484, -13.858959153902079, 5.563320875024202, -25.541555785745707, -20.0, -20.0, -20.0
-2.3517437350375157, 2.344676291187658, 1.106217622204353, -13.879238184004073, 5.565023144314055, -25.949726816202464, -20.0, -20.0, -20.0
-2.358688339598687, 2.347459421960807, 1.0931402301036366, -13.89918006068051, 5.567499948281119, -26.35984158666277, -20.0, -20.0, -20.0
-2.3656428279711608, 2.350243986477233, 1.0798572861315017, -13.91877342921449, 5.570758117423472, -26.77193430187654, -20.0, -20.0, -20.0
-2.3726070229622565, 2.353030376992191, 1.0663677929015638, -13.938006535167528, 5.574803942408776, -27.186038617875145, -20.0, -20.0, -20.0
-2.3795807413987475, 2.3558189887625276, 1.0526707363564636, -13.95686721079659, 5.5796431389371675, -27.602187562525557, -20.0, -20.0, -20.0
-2.3865637939167335, 2.3586102197499246, 1.038765086103118, -13.975342861147519, 5.5852808106500484, -28.020413450856722, -20.0, -20.0, -20.0
-2.393555984744482, 2.3614044703050925, 1.024649795791665, -13.993420449846992, 5.5917214100213535, -28.44074779495481, -20.0, -20.0, -20.0
-2.400557111478099, 2.364202142831891, 1.0103238035408688, -14.011086484619755, 5.59896869717175, -28.863221208230055, -20.0, -20.0, -20.0
-2.4075669648498943, 2.3670036414303217, 0.9957860324128446, -14.028327002563008, 5.607025696551216, -29.287863303866732, -20.0, -20.0, -20.0
-2.414585328489339, 2.36980937151732, 0.9810353909400581, -14.045127555215382, 5.615894651441636, -29.714702587279383, -20.0, -20.0, -20.0
-2.4216119786765087, 2.3726197394242403, 0.9660707737076348, -14.06147319346401, 5.625576976238626, -30.143766342413713, -20.0, -20.0, -20.0
-2.4286466840879597, 2.37543515196992, 0.950891061994094, -14.077348452339777, 5.636073206480919, -30.575080511749434, -20.0, -20.0, -20.0
-2.435689205534984, 2.378256016008192, 0.9354951244736852, -14.092737335757901, 5.6473829466064265, -31.00866956988573, -20.0, -20.0, -20.0
-2.4427392956942406, 2.3810827379487005, 0.9198818179835593, -14.107623301268632, 5.659504815426754, -31.444556390618096, -20.0, -20.0, -20.0
-2.4497966988307804, 2.383915723249889, 0.9040499883590426, -14.121989244890981, 5.672436389326669, -31.882762107448805, -20.0, -20.0, -20.0
-2.456861150513531, 2.3867553758830233, 0.8879984713403022, -14.135817486111039, 5.686174143211932, -32.323305967512624, -20.0, -20.0, -20.0
-2.4639323773233426, 2.3896020977661383, 0.8717260935536877, -14.149089753135593, 5.7007133892482615, -32.76620517894526, -20.0, -20.0, -20.0
-2.471010096553752, 2.3924562881668145, 0.8552316735710076, -14.161787168501377, 5.716048213456118, -33.21147475177497, -20.0, -20.0, -20.0
-2.4780940159046647, 2.3953183430727414, 0.8385140230499443, -14.173890235150296, 5.732171410250717, -33.6591273324782, -20.0, -20.0, -20.0
-2.4851838331692253, 2.398188654529065, 0.8215719479587225, -14.185378823091398, 5.749074415044279, -34.109173032409124, -20.0, -20.0, -20.0
-2.4922792359141934, 2.4010676099415904, 0.8044042498880226, -14.196232156780994, 5.766747235058279, -34.56161925039032, -20.0, -20.0, -20.0
-2.4993799011542293, 2.4039555913449866, 0.7870097274529654, -14.206428803363208, 5.7851783785273465, -35.01647048983878, -20.0, -20.0, -20.0
-2.5064854950205513, 2.406852974635247, 0.7693871777877812, -14.21594666192415, 5.804354782513693, -35.47372817089805, -20.0, -20.0, -20.0
-2.5135956724245134, 2.409760128765773, 0.7515353981355182, -14.224762953923655, 5.824261739591519, -35.93339043815413, -20.0, -20.0, -20.0
-2.520710076716739, 2.412677414906597, 0.7334531875348222, -14.23285421497911, 5.844882823704741, -36.39545196462978, -20.0, -20.0, -20.0
-2.52782833934253, 2.4156051855664105, 0.7151393486054449, -14.24019628818585, 5.866199815548606, -36.85990375287968, -20.0, -20.0, -20.0
-2.5349500794943687, 2.4185437836772667, 0.6965926894336882, -14.2467643191679, 5.888192627876065, -37.32673293414701, -20.0, -20.0, -20.0
-2.5420749037624257, 2.4214935416420316, 0.6778120255584789, -14.252532753061054, 5.910839231183042, -37.79592256669031, -20.0, -20.0, -20.0
-2.5492024057841003, 2.424454780344898, 0.6587961820581694, -14.257475333637117, 5.934115580282557, -38.26745143454769, -20.0, -20.0, -20.0
-2.5563321658937053, 2.4274278081255525, 0.6395439957374894, -14.261565104783287, 5.957995542335581, -38.74129384817221, -20.0, -20.0, -20.0
-2.5634637507735394, 2.430412919717878, 0.6200543174133096, -14.264774414553614, 5.9824508269659775, -39.21741944854706, -20.0, -20.0, -20.0
-2.57059671310768, 2.433410395154406, 0.6003260142970304, -14.267074922009897, 6.007450919147119, -39.69579301656992, -20.0, -20.0, -20.0
-2.5777305912399493, 2.436420498638095, 0.5803579724704676, -14.268437607066696, 6.0329630156078995, -40.17637428968095, -20.0, -20.0, -20.0
-2.584864908837603, 2.439443477383388, 0.5601490994510735, -14.268832783548941, 6.058951965564765, -40.65911778789569, -20.0, -20.0, -20.0
-2.5919991745624054, 2.44247956042894, 0.5396983268412021, -14.268230115660284, 6.085380216642839, -41.14397265158965, -20.0, -20.0, -20.0
-2.599132881750832, 2.4455289574248265, 0.5190046130549141, -14.266598638045375, 6.112207766901758, -41.63088249356237, -20.0, -20.0, -20.0
-2.6062655081052455, 2.4485918573975343, 0.4980669461145033, -14.263906779609123, 6.139392123928761, -42.119785268080754, -20.0, -20.0, -20.0
-2.6133965153979553, 2.4516684274965166, 0.476884346507543, -14.260122391230093, 6.166888272001188, -42.61061315976045, -20.0, -20.0, -20.0
-2.6205253491901312, 2.4547588117266046, 0.45545587009378186, -14.255212777473117, 6.194648648350698, -43.103292495284194, -20.0, -20.0, -20.0
-2.6276514385675913, 2.4578631296710873, 0.4337806110496927, -14.2491447323674, 6.2226231295802465, -43.59774368107254, -20.0, -20.0, -20.0
-2.634774195895501, 2.460981475210805, 0.41185770483689743, -14.241884579270556, 6.250759029289749, -44.093881170108354, -20.0, -20.0, -20.0
-2.641893016594015, 2.464113915245116, 0.38968633117907875, -14.233398214785828, 6.279001107955311, -44.59161346116634, -20.0, -20.0, -20.0
-2.6490072789368715, 2.467260488421124, 0.3672657170303608, -14.223651156638992, 6.3072915960774045, -45.090843133705484, -20.0, -20.0, -20.0
-2.6561163438748694, 2.470421203878034, 0.34459513951652454, -14.21260859535326, 6.335570231563356, -45.59146692163963, -20.0, -20.0, -20.0
-2.663219554886079, 2.4735960400139843, 0.32167392882883894, -14.200235449484882, 6.363774312236844, -46.09337582910281, -20.0, -20.0, -20.0
-2.6703162378544754, 2.476784943283111, 0.29850147104877184, -14.18649642409964, 6.391838764269904, -46.59645529116553, -20.0, -20.0, -20.0
-2.677405700978521, 2.479987827030981, 0.2750772108804227, -14.171356072081466, 6.419696227209831, -47.100585382231095, -20.0, -20.0, -20.0
-2.684487234710984, 2.4832045703768144, 0.25140065426622926, -14.154778857770074, 6.447277156123245, -47.605641074542746, -20.0, -20.0, -20.0
-2.691560111731008, 2.4864350171511456, 0.22747137086037852, -14.136729222325691, 6.474509941202103, -48.11149254886019, -20.0, -20.0, -20.0
-2.6986235869491186, 2.489678974897689, 0.2032889963334342, -14.117171650117154, 6.501321044971723, -48.618005558917076, -20.0, -20.0, -20.0
-2.7056768975454797, 2.4929362139481843, 0.17885323448101756, -14.096070735326595, 6.527635157010139, -49.125041850749476, -20.0, -20.0, -20.0
-2.7127192630412766, 2.496206466578895, 0.1541638591089819, -14.073391247861284, 6.55337536583311, -49.632459637393204, -20.0, -20.0, -20.0
-2.7197498854026327, 2.499489426257184, 0.12922071566743612, -14.049098197563215, 6.578463347322796, -50.14011412878984, -20.0, -20.0, -20.0
-2.7267679491759265, 2.502784746986211, 0.1040237226062321, -14.023156895611969, 6.602819568784295, -50.64785811602621, -20.0, -20.0, -20.0
-2.7337726216528115, 2.5060920427552587, 0.07857287242515781, -13.99553301192841, 6.626363507407792, -51.15554260827096, -20.0, -20.0, -20.0
-2.740763053062621, 2.509410887102511, 0.052868232393095474, -13.966192627308434, 6.649013881600577, -51.66301751997838, -20.0, -20.0, -20.0
-2.747738376789185, 2.512740812796246, 0.0269099449118209, -13.935102278949453, 6.670688893339464, -52.170132405119894, -20.0, -20.0, -20.0
-2.7546977096084175, 2.5160813116394274, 0.0006982275019415604, -13.9022289979797, 6.691306479387193, -52.67673723439747, -20.0, -20.0, -20.0
-2.7616401519423035, 2.519431834401505, -0.025766627609310182, -13.867540337563575, 6.710784568924147, -53.18268321060949, -20.0, -20.0, -20.0
-2.7685647881242286, 2.5227917908799555, -0.0524842543161131, -13.831004390136544, 6.729041344877107, -53.687823616602195, -20.0, -20.0, -20.0
-2.775470686669843, 2.526160550092672, -0.07945421389265614, -13.792589792321515, 6.745995505987716, -54.19201468956994, -20.0, -20.0, -20.0
-2.7823569005469473, 2.5295374406007842, -0.10667599669377076, -13.752265716095398, 6.761566526462556, -54.69511651488853, -20.0, -20.0, -20.0
-2.7892224674371735, 2.5329217509598725, -0.13414902430554265, -13.71000184480934, 6.775674909891005, -55.19699393219903, -20.0, -20.0, -20.0
-2.7960664099815555, 2.5363127302958484, -0.1618726521501235, -13.665768332717898, 6.7882424340124645, -55.697517446124365, -20.0, -20.0, -20.0
-2.80288773600142, 2.539709589000068, -0.1898461725451085, -13.619535746739057, 6.799192382865493, -56.19656413381554, -20.0, -20.0, -20.0
-2.8096854386854164, 2.5431114995365, -0.21806881821393742, -13.571274989246117, 6.808449762860947, -56.69401854150021, -20.0, -20.0, -20.0
-2.816458496732923, 2.5465175973520626, -0.24653976623990126, -13.520957200780197, 6.815941499390526, -57.189773562355185, -20.0, -20.0, -20.0
-2.823205874443534, 2.549926981879588, -0.2752581424525772, -13.468553641664652, 6.8215966107101575, -57.683731288348504, -20.0, -20.0, -20.0
-2.829926521741849, 2.553338717621271, -0.3042230262319637, -13.414035551594877, 6.825346356021688, -58.1758038291974, -20.0, -20.0, -20.0
-2.836619374126339, 2.556751835299004, -0.33343345571232763, -13.357373986363632, 6.827124354911122, -58.66591409225835, -20.0, -20.0, -20.0
-2.843283352530669, 2.5601653330566267, -0.36288843336489107, -13.298539630957299, 6.826866675580414, -59.15399651799535, -20.0, -20.0, -20.0
-2.8499173630854875, 2.5635781776979276, -0.3925869319360514, -13.237502588316309, 6.824511889623703, -59.63999776664588, -20.0, -20.0, -20.0
-2.8565202967683385, 2.566989305943193, -0.4225279007159134, -13.174232143087192, 6.82000109143773, -60.12387735280218, -20.0, -20.0, -20.0
-2.863091028929035, 2.5703976256862298, -0.45271027211057047, -13.108696499698159, 6.813277880708564, -60.60560822582611, -20.0, -20.0, -20.0
-2.869628418677474, 2.5738020172330995, -0.4831329684908503, -13.040862494058521, 6.804288306770589, -61.08517729529331, -20.0, -20.0, -20.0
-2.8761313081205158, 2.5772013345032865, -0.5137949092901718, -12.97069527810897, 6.792980773976362, -61.56258590199282, -20.0, -20.0, -20.0
-2.882598521434125, 2.580594406173664, -0.5446950183247611, -12.89815797632875, 6.779305907534954, -62.03785023636448, -20.0, -20.0, -20.0
-2.88902886375649, 2.5839800367454377, -0.5758322313107561, -12.823211313131798, 6.763216379559555, -62.5110017076157, -20.0, -20.0, -20.0
-2.895421119887236, 2.5873570075141528, -0.6072055035546847, -12.745813209851537, 6.7446666953010626, -62.982087268098866, -20.0, -20.0, -20.0
-2.9017740527771285, 2.5907240774229088, -0.6388138177964178, -12.66591834971803, 6.723612939722474, -63.4511696988333, -20.0, -20.0, -20.0
-2.9080864017917745, 2.594079983779009, -0.6706561921869528, -12.583477708866123, 6.700012484679939, -63.91832786330687, -20.0, -20.0, -20.0
-2.9143568807317344, 2.5974234428144323, -0.7027316883872504, -12.49843805097358, 6.6738236570119165, -64.3836569378835, -20.0, -20.0, -20.0
-2.92058417559013, 2.600753150070633, -0.7350394197787888, -12.410741382607611, 6.645005367791136, -64.84726862827009, -20.0, -20.0, -20.0
-2.926766942027219, 2.6040677805882955, -0.7675785597814969, -12.320324365749755, 6.613516702858892, -65.30929138256231, -20.0, -20.0, -20.0
-2.9329038025394727, 2.6073659888826435, -0.8003483502802378, -12.227117683264343, 6.5793164745324875, -65.76987061240106, -20.0, -20.0, -20.0
-2.938993343298355, 2.610646408684789, -0.8333481101670241, -12.131045352264985, 6.542362734049697, -66.22916893474462, -20.0, -20.0, -20.0
-2.9450341106312723, 2.6139076524292726, -0.8665772440126388, -12.032023979404777, 6.502612243884548, -66.6873664477141, -20.0, -20.0, -20.0
-2.951024607113887, 2.6171483104673765, -0.9000352508882995, -11.929961951054688, 6.460019908531648, -67.14466105492852, -20.0, -20.0, -20.0
-2.956963287239182, 2.620366949984936, -0.9337217333654664, -11.82475855012369, 6.414538161706347, -67.6012688537391, -20.0, -20.0, -20.0
-2.9628485526241857, 2.623562113602147, -0.9676364067298603, -11.71630298989239, 6.36611630713832, -68.05742460383657, -20.0, -20.0, -20.0
-2.9686787467100726, 2.626732317631241, -1.0017791084542893, -11.604473353654493, 6.31469980923821, -68.51338229387987, -20.0, -20.0, -20.0
-2.9744521489052755, 2.6298760499657705, -1.0361498079840403, -11.489135427157398, 6.260229528879752, -68.96941582512387, -20.0, -20.0, -20.0
-2.9801669681142573, 2.632991767572578, -1.0707486168984603, -11.37014140876974, 6.202640898349538, -69.42581983255575, -20.0, -20.0, -20.0
-2.9858213355864347, 2.636077893554204, -1.1055757995230586, -11.24732847993914, 6.141863028155898, -69.8829106658375, -20.0, -20.0, -20.0
-2.991413297010367, 2.6391328137454524, -1.1406317840781306, -11.120517215790816, 6.07781773683628, -70.34102755445063, -20.0, -20.0, -20.0
-2.996940803767466, 2.6421548728029447, -1.1759171744627201, -10.989509812604055, 6.010418493133369, -70.8005339839078, -20.0, -20.0, -20.0
-3.0024017032469494, 2.6451423697407015, -1.2114327627868957, -10.854088105329764, 5.9395692578945, -71.26181931279484, -20.0, -20.0, -20.0
-3.0077937281093354, 2.6480935528578633, -1.2471795427810433, -10.71401134421439, 5.865163210752431, -71.72530066379551, -20.0, -20.0, -20.0
-3.0131144843691158, 2.651006613996559, -1.2831587242284384, -10.56901369490677, 5.787081344030963, -72.19142512578527, -20.0, -20.0, -20.0
-3.0183614381481125, 2.6538796820584034, -1.3193717485870364, -10.418801421079815, 5.705190903346616, -72.66067230860703, -20.0, -20.0, -20.0
-3.023531900929018, 2.6567108156969925, -1.3558203059885094, -10.263049702542101, 5.619343651009389, -73.13355729728505, -20.0, -20.0, -20.0
-3.028623013113406, 2.6594979950908773, -1.3925063538273774, -10.101399035010228, 5.529373924529277, -73.61063405818656, -20.0, -20.0, -20.0
-3.0336317256597, 2.662239112686583, -1.429432137180908, -9.933451150166686, 5.435096458293637, -74.09249935593539, -20.0, -20.0, -20.0
-3.0385547795438463, 2.664931962784108, -1.4666002113315306, -9.758764386417646, 5.336303931805449, -74.57979724655465, -20.0, -20.0, -20.0
-3.043388682748473, 2.6675742298177663, -1.5040134666979317, -9.576848432089022, 5.232764202827302, -75.07322421904972, -20.0, -20.0, -20.0
-3.0481296844450085, 2.670163475163101, -1.5416751565186642, -9.387158354053602, 5.124217178510962, -75.57353506387994, -20.0, -20.0, -20.0
-3.0527737459876914, 2.6726971222758285, -1.5795889276725281, -9.189087816677871, 5.010371272399804, -76.08154955157603, -20.0, -20.0, -20.0
-3.057316508289291, 2.6751724399415764, -1.6177588550620803, -8.981961389720622, 4.8908993905916684, -76.59816000663285, -20.0, -20.0, -20.0
-3.0617532550970665, 2.67758652338603, -1.656189480028328, -8.765025841382363, 4.765434387222255, -77.12433985835851, -20.0, -20.0, -20.0
-3.0660788716367264, 2.679936272965139, -1.694885853302386, -8.537440317257, 4.633563929214337, -77.66115323787315, -20.0, -20.0, -20.0
-3.070287798046653, 2.6822183701262534, -1.7338535830276538, -8.298265322449456, 4.4948247152423475, -78.20976566319816, -20.0, -20.0, -20.0
-3.074373976992345, 2.6844292503069935, -1.773098888394361, -8.046450460316482, 4.348696007717609, -78.7714558036305, -20.0, -20.0, -20.0
-3.078330794844677, 2.6865650724251604, -1.812628659402061, -7.780820949011499, 4.194592464949254, -79.34762822716947, -20.0, -20.0, -20.0
-3.0821510158454912, 2.6886216846194313, -1.8524505231815869, -7.500063054245721, 4.03185631213496, -79.93982689093384, -20.0, -20.0, -20.0
-3.0858267088016427, 2.690594585941862, -1.892572917130601, -7.202708770359745, 3.8597489775874165, -80.54974890512231, -20.0, -20.0, -20.0
-3.089349166092159, 2.692478883802295, -1.9330051687928018, -6.887120391706523, 3.677442464142804, -81.17925774368145, -20.0, -20.0, -20.0
-3.092708815215092, 2.6942692471567264, -1.9737575818609563, -6.551476100025322, 3.484010953583176, -81.83039452893674, -20.0, -20.0, -20.0
-3.09589512384806, 2.695959855768809, -2.0148415267930293, -6.193758431846862, 3.278423494746984, -82.50538519935542, -20.0, -20.0, -20.0
-3.0988965006039972, 2.6975443464323035, -2.056269533135159, -5.811748591902401, 3.059539159232019, -83.20664016916366, -20.0, -20.0, -20.0
-3.1017001955470502, 2.69901575793036, -2.098055378520493, -5.403031180309418, 2.826106832994662, -83.93674137217305, -20.0, -20.0, -20.0
-3.104292207379993, 2.7003664778705168, -2.140214166166802, -4.965016151460626, 2.5767729276333595, -84.6984092130616, -20.0, -20.0, -20.0
-3.106657208376111, 2.7015881965545723, -2.182762378181277, -4.494987833011081, 2.310101808588803, -85.49443884483723, -20.0, -20.0, -20.0
-3.1087785039752855, 2.7026718759186883, -2.2257178857556528, -3.9901945636872966, 2.0246156478747643, -86.327591452667, -20.0, -20.0, -20.0
-3.1106380517491643, 2.7036077454641, -2.26909988921655, -3.4479965318271515, 1.7188625337730903, -87.20042239092149, -20.0, -20.0, -20.0
-3.112216574004873, 2.704385341958307, -2.312928751188795, -2.866092491007796, 1.3915234430544507, -88.11502549805932, -20.0, -20.0, -20.0
-3.1134938085265524, 2.704993615033169, -2.3572256762040853, -2.2428455957089497, 1.041568856393493, -89.07267456310245, -20.0, -20.0, -20.0
-3.114448949954176, 2.7054211252852696, -2.4020121832316152, -1.5777201147860775, 0.6684721520098823, -90.07335354701677, -20.0, -20.0, -20.0
-3.1150613344805236, 2.705656362395827, -2.447309319906363, -0.8718179906030384, 0.27247629022058206, -91.11519315197465, -20.0, -20.0, -20.0
-3.115311404359935, 2.705688203897302, -2.493136587657997, -0.12846152704290037, -0.14511028431966888, -92.19387785456225, -20.0, -20.0, -20.0
-3.11518194656339, 2.705506515598772, -2.5395105950483248, 0.6462927132225567, -0.5816429098010976, -93.30215170674741, -20.0, -20.0, -20.0
-3.1146595270307076, 2.7051028595577558, -2.5864435360273634, 1.443385417507836, -1.032981254262873, -94.42961220940644, -20.0, -20.0, -20.0
-3.11373594819948, 2.7044712290393855, -2.633941688028826, 2.2509299074019333, -1.4935408192182957, -95.56299579644299, -20.0, -20.0, -20.0
-3.112409475003847, 2.703608687389475, -2.6820042059876448, 3.0549628751305633, -1.9566257804233198, -96.68707603883125, -20.0, -20.0, -20.0
-3.1106855517891727, 2.702515773021156, -2.7306225013222862, 3.8407299835660997, -2.415031692853257, -97.78610529973434, -20.0, -20.0, -20.0
-3.1085768070032263, 2.701196565178335, -2.7797804033812947, 4.5942491602199285, -2.86179967843026, -98.84550293630033, -20.0, -20.0, -20.0
-3.106102305586343, 2.699658382318095, -2.8294551193802304, 5.303756507314625, -3.290931762530799, -99.8533610594425, -20.0, -20.0, -20.0
-3.103286197224912, 2.697911177070474, -2.879618809122462, 5.960676938407602, -3.6978892279526536, -100.80139790948428, -20.0, -20.0, -20.0
-3.100156039370086, 2.6959667582852402, -2.930240460505828, 6.559954480897546, -4.079785912981289, -101.68520762398023, -20.0, -20.0, -20.0
-3.0967410994628026, 2.6938379870040112, -2.9812877372193554, 7.099805148235627, -4.435299211935158, -102.50389923012894, -20.0, -20.0, -20.0
-3.0930708731480796, 2.691538063526804, -3.032728552899111, 7.581100110656735, -4.764394696894852, -103.25936348889338, -20.0, -20.0, -20.0
-3.0891739451835725, 2.68907997090929, -3.0845322491210996, 8.006611747371327, -5.067975773161159, -103.95542139906125, -20.0, -20.0, -20.0
-3.0850772178341734, 2.6864760908858933, -3.1366703640586997, 8.380297650224609, -5.347544320424617, -104.59703835133934, -20.0, -20.0, -20.0
-3.0808054644388227, 2.68373797488391, -3.189117047857991, 8.706715931178735, -5.604919687509122, -105.18969684582572, -20.0, -20.0, -20.0
-3.0763811359001796, 2.6808762372218884, -3.241849209292838, 8.99059822339436, -5.842030960576451, -105.7389488935616, -20.0, -20.0, -20.0
-3.0718243446061897, 2.677900535067851, -3.2948464785577625, 9.236566952564472, -6.060777655572187, -106.25012816613655, -20.0, -20.0, -20.0
-3.067152961142154, 2.674819604304887, -3.348091057133066, 9.448966903577755, -6.262945396284204, -106.72818613507773, -20.0, -20.0, -20.0
-3.0623827746712036, 2.6716413275477007, -3.4015675076025587, 9.631778980223899, -6.4501616324608, -107.17761574289355, -20.0, -20.0, -20.0
-3.0575276827516156, 2.6683728175475987, -3.455262519589523, 9.788588698127759, -6.623878367947263, -107.6024322049621, -20.0, -20.0, -20.0
-3.0525998884357985, 2.6650205049890205, -3.509164674710136, 9.92258856514043, -6.78537186636548, -108.00618827749115, -20.0, -20.0, -20.0
-3.0476100913644313, 2.6615902239725235, -3.5632642238620704, 10.036599720328503, -6.935752199621897, -108.39200833024597, -20.0, -20.0, -20.0
-3.042567665642772, 2.6580872914587372, -3.61755288370283, 10.133103166308462, -7.075977855523585, -108.76263103279115, -20.0, -20.0, -20.0
-3.0374808212146527, 2.654516578905941, -3.6720236550569605, 10.214274546169811, -7.206872355660928, -109.12045438373197, -20.0, -20.0, -20.0
-3.0323567478543048, 2.650882575557229, -3.7266706635184854, 10.282018895221963, -7.329141039187495, -109.46757946236715, -20.0, -20.0, -20.0
-3.0272017422756092, 2.6471894435553964, -3.781489021132262, 10.33800341956042, -7.443386968143192, -109.8058509927384, -20.0, -20.0, -20.0
-3.0220213195778487, 2.64344106545775, -3.8364747073477576, 10.383687371482035, -7.550125422441687, -110.13689386924459, -20.0, -20.0, -20.0
-3.0168203105590132, 2.639641084909665, -3.891624467170111, 10.420348703859158, -7.64979676989814, -110.46214542016857, -20.0, -20.0, -20.0
-3.0116029464994747, 2.635792941295761, -3.94693572440915, 10.449107534295068, -7.74277768571894, -110.78288353598755, -20.0, -20.0, -20.0
-3.0063729329576314, 2.6318998991736056, -4.002406508035175, 10.470946633077746, -7.829390802901448, -111.10025096811414, -20.0, -20.0, -20.0
-3.001133513991488, 2.627965073240193, -4.058035389822008, 10.486729231495849, -7.909912930747524, -111.41527617921712, -20.0, -20.0, -20.0
-2.9958875280659045, 2.62399144950672, -4.113821431652308, 10.49721447083665, -7.984582003145398, -111.72889114198327, -20.0, -20.0, -20.0
-2.9906374567472676, 2.6199819032748977, -4.1697641410543165, 10.503070803711221, -8.053602924144002, -112.04194646604991, -20.0, -20.0, -20.0
-2.985385467137732, 2.6159392144254556, -4.225863433720615, 10.504887634431224, -8.117152473624254, -112.35522419914417, -20.0, -20.0, -20.0
-2.9801334488657174, 2.611866080450669, -4.282119601922344, 10.503185453626878, -8.17538342552362, -112.66944860776992, -20.0, -20.0, -20.0
-2.9748830463299014, 2.6077651275897535, -4.338533287874409, 10.498424689636803, -8.228428018138258, -112.98529520049041, -20.0, -20.0, -20.0
-2.9696356867904083, 2.6036389203596304, -4.395105461228496, 10.491013468336275, -8.276400902354341, -113.3033982158615, -20.0, -20.0, -20.0
-2.964392604811984, 2.5994899697139577, -4.45183739997216, 10.481314445361212, -8.319401680336895, -113.62435675879351, -20.0, -20.0, -20.0
-2.959154863488, 2.5953207400101626, -4.5087306740953945, 10.469650850574862, -8.357517134844205, -113.94873973414728, -20.0, -20.0, -20.0
-2.9539233728093457, 2.59113365491689, -4.565787131452644, 10.45631186404332, -8.390823238244744, -114.27708969484922, -20.0, -20.0, -20.0
-2.948698905486985, 2.5869311023521813, -4.62300888529978, 10.441557425398134, -8.41938702059082, -114.6099256936951, -20.0, -20.0, -20.0
-2.9434821104896822, 2.582715438505108, -4.680398303024007, 10.425622563813402, -8.44326836770099, -114.94774520321572, -20.0, -20.0, -20.0
-2.938273524517874, 2.5784889909599427, -4.737957995611428, 10.408721323419348, -8.462521812960638, -115.29102514646551, -20.0, -20.0, -20.0
-2.9330735815999365, 2.5742540609116498, -4.795690807413908, 10.391050348332202, -8.47719838021085, -115.64022206345602, -20.0, -20.0, -20.0
-2.927882620967316, 2.5700129244342675, -4.853599805785634, 10.372792182149809, -8.487347529317189, -115.99577142344751, -20.0, -20.0, -20.0
-2.922700893339696, 2.5657678327393465, -4.9116882701622195, 10.354118328332, -8.493019250366759, -116.35808608289706, -20.0, -20.0, -20.0
-2.9175285657301164, 2.561521011340148, -4.969959680153752, 10.335192109984888, -8.494266346428011, -116.72755388323245, -20.0, -20.0, -20.0
-2.9123657248626516, 2.55727465801908, -5.028417702220237, 10.31617135987452, -8.491146937841945, -117.10453438270608, -20.0, -20.0, -20.0
-2.9072123792817495, 2.5530309394815065, -5.087066174496797, 10.297210963733788, -8.483727212452282, -117.48935472353199, -20.0, -20.0, -20.0
-2.9020684602228446, 2.5487919865695567, -5.145909089340338, 10.278465271885459, -8.47208443534708, -117.8823046506334, -20.0, -20.0, -20.0
-2.896933821308435, 2.544559887906243, -5.204950573183747, 10.260090385753122, -8.456310217907644, -118.28363072300039, -20.0, -20.0, -20.0
-2.891808237132759, 2.540336681844601, -5.264194863313029, 10.242246316950201, -8.436514028661373, -118.69352979412683, -20.0, -20.0, -20.0
-2.886691400801659, 2.5361243466106296, -5.323646281232843, 10.225099007449172, -8.412826907225648, -119.11214188512957, -20.0, -20.0, -20.0
-2.881582920502259, 2.5319247885544582, -5.383309202362395, 10.208822190149508, -8.385405317459115, -119.53954263307563, -20.0, -20.0, -20.0
-2.8764823151895924, 2.5277398284632775, -5.443188021912339, 10.1935990605182, -8.354435047264129, -119.97573556670113, -20.0, -20.0, -20.0
-2.871389009493799, 2.5235711859435943, -5.503287116938857, 10.179623722656995, -8.320135031467938, -120.42064453937328, -20.0, -20.0, -20.0
-2.866302327971087, 2.5194204619500074, -5.563610804756193, 10.16710236819124, -8.282760942879708, -120.87410672996876, -20.0, -20.0, -20.0
-2.861221488842785, 2.5152891196222917, -5.624163298113439, 10.156254145017106, -8.242608367983623, -121.33586669901425, -20.0, -20.0, -20.0
-2.8561455973873993, 2.511178463689858, -5.68494865780074, 10.147311676526229, -8.200015361751364, -121.80557205019016, -20.0, -20.0, -20.0
-2.851073639167841, 2.507089618808059, -5.745970743634382, 10.140521201707264, -8.155364165445311, -122.28277128437738, -20.0, -20.0, -20.0
-2.8460044732865564, 2.5030235072974465, -5.807233165063525, 10.13614232343131, -8.109081877005943, -122.76691443219168, -20.0, -20.0, -20.0
-2.840936825861557, 2.4989808268556564, -5.868739232921499, 10.134447376566303, -8.06163989015544, -123.25735699970284, -20.0, -20.0, -20.0
-2.835869283902734, 2.494962028890936, -5.930491914084535, 10.135720458725434, -8.013551968725789, -123.7533676524413, -20.0, -20.0, -20.0
-2.8308002897373754, 2.4909672981743944, -5.992493790970792, 10.140256202708207, -7.965370897439617, -124.25413989258368, -20.0, -20.0, -20.0
-2.825728136084659, 2.4869965345134024, -6.054747027883825, 10.148358408157439, -7.91768374652928, -124.7588077595486, -20.0, -20.0, -20.0
-2.820650961810918, 2.4830493371021674, -6.1172533461539835, 10.160338686806469, -7.871105898410409, -125.26646532108421, -20.0, -20.0, -20.0
-2.815566748312554, 2.4791249921026175, -6.180014009845657, 10.17651530664964, -7.826274099788233, -125.77618944560972, -20.0, -20.0, -20.0
-2.8104733163755355, 2.4752224638503457, -6.243029823479353, 10.19721244142564, -7.783838909298297, -126.28706508917587, -20.0, -20.0, -20.0
-2.8053683232551685, 2.4713403898740673, -6.306301142783179, 10.222760040042585, -7.744456995815616, -126.79821212613109, -20.0, -20.0, -20.0
-2.8002492596139295, 2.4674770796764687, -6.369827898972657, 10.253494524914052, -7.708783794579821, -127.30881263177821, -20.0, -20.0, -20.0
-2.7951134458552476, 2.463630516967775, -6.4336096365077475, 10.289760509813165, -7.677467040195261, -127.81813750858277, -20.0, -20.0, -20.0
-2.789958027302729, 2.459798364791184, -6.497645563745228, 10.331913700262028, -7.65114166616877, -128.3255714413381, -20.0, -20.0, -20.0
-2.784779967600681, 2.455977972750869, -6.56193461544604, 10.380325107930432, -7.630426495091937, -128.83063536190863, -20.0, -20.0, -20.0
-2.7795760396533895, 2.452166385363966, -6.626475525755913, 10.4353866812352, -7.615923052520395, -129.333005877583, -20.0, -20.0, -20.0
-2.774342813374723, 2.4483603504170173, -6.691266910084323, 10.497518433430615, -7.608216735275863, -129.83253143605722, -20.0, -20.0, -20.0
-2.769076639480859, 2.444556326116562, -6.756307354275521, 10.567177142024882, -7.607880466544217, -130.32924532873545, -20.0, -20.0, -20.0
-2.7637736285196897, 2.4407504857775453, -6.821595509592546, 10.644866702652033, -7.6154808895229715, -130.82337593936504, -20.0, -20.0, -20.0
-2.758429624282086, 2.436938718780458, -6.887130192302783, 10.731150247762336, -7.63158709882672, -131.31535490158151, -20.0, -20.0, -20.0
-2.753040170673978, 2.433116626533185, -6.952910487033475, 10.82666418467026, -7.656781890264245, -131.8058240211889, -20.0, -20.0, -20.0
-2.747600471036444, 2.429279512179075, -7.018935853524014, 10.932134365466988, -7.691675526175304, -132.29564194096565, -20.0, -20.0, -20.0
-2.7421053387781744, 2.4254223627819784, -7.085206236903847, 11.04839466761157, -7.73692206221062, -132.78589157836697, -20.0, -20.0, -20.0
-2.7365491380287144, 2.4215398226775666, -7.151722182136691, 11.176408330228012, -7.793238355436424, -133.27788935300993, -20.0, -20.0, -20.0
-2.7309257128351074, 2.417626156598108, -7.218484953760259, 11.3172924442, -7.861425962398029, -133.7731971412632, -20.0, -20.0, -20.0
-2.725228303220749, 2.413675201051514, -7.285496662480399, 11.472346013233842, -7.942396223977868, -134.27363773929397, -20.0, -20.0, -20.0
-2.71944944622892, 2.4096803022708584, -7.352760400503799, 11.643081954082534, -8.037198898644812, -134.78131435430709, -20.0, -20.0, -20.0
-2.7135808599326605, 2.405634238868439, -7.420280387646606, 11.831263230954686, -8.147054711032805, -135.29863421692184, -20.0, -20.0, -20.0
-2.7076133083924376, 2.401529127173127, -7.488062130128401, 12.038942929936567, -8.273392070214788, -135.82833571025685, -20.0, -20.0, -20.0
-2.701536445828325, 2.397356307184151, -7.55611259337364, 12.26850732651447, -8.417887885689982, -136.37351727069768, -20.0, -20.0, -20.0
-2.6953386390834995, 2.3931062072842306, -7.6244403888074785, 12.522719652787119, -8.582511713991353, -136.93766446465733, -20.0, -20.0, -20.0
-2.689006769173624, 2.388768186565169, -7.693055972097768, 12.804759986714425, -8.769571162255305, -137.52466869650036, -20.0, -20.0, -20.0
-2.682526015930935, 2.38433035522538, -7.761971845880948, 13.118252984041542, -8.981754196900757, -138.13882643622253, -20.0, -20.0, -20.0
-2.6758796353190193, 2.379779376609279, -7.831202752760007, 13.467269463621502, -9.222160267502913, -138.78480108001526, -20.0, -20.0, -20.0
-2.6690487480542253, 2.3751002599414126, -7.900765833065185, 13.8562795955539, -9.494306403962625, -139.46752014069534, -20.0, -20.0, -20.0
-2.6620121720060004, 2.370276161762818, -7.970680705285821, 14.29002459734589, -9.802086310416577, -140.19196874184948, -20.0, -20.0, -20.0
-2.6547463503727737, 2.365288227579415, -8.040969404653545, 14.773261935560685, -10.149650423195512, -140.9628287290447, -20.0, -20.0, -20.0
-2.64722545214057, 2.3601155235982607, -8.111656088751236, 15.310330993254603, -10.541165501421508, -141.78390766171634, -20.0, -20.0, -20.0
-2.639421746203039, 2.3547351296709302, -8.18276639485019, 15.904492756870098, -10.980410207900785, -142.6573167341025, -20.0, -20.0, -20.0
-2.631306364055359, 2.349122481990341, -8.254326326882817, 16.55703583384943, -11.470180514455874, -143.58241139640214, -20.0, -20.0, -20.0
-2.6228505474470074, 2.34325205408481, -8.32636058517185, 17.266230599557037, -12.011531107666954, -144.55462175973298, -20.0, -20.0, -20.0
-2.6140274013978413, 2.3370984279720233, -8.398890356782761, 18.02635359710792, -12.602973343479672, -145.56446468391616, -20.0, -20.0, -20.0
-2.604814026552709, 2.330637718938941, -8.471930767372434, 18.827145783420956, -13.239862788848217, -146.59717767477562, -20.0, -20.0, -20.0
-2.5951937154831843, 2.323849186065975, -8.545488414290283, 19.65409849467818, -13.91426870301506, -147.6334099966154, -20.0, -20.0, -20.0
-2.5851577495542153, 2.3167167353862466, -8.619559548393635, 20.489765221197896, -14.615534015898465, -148.6511264167943, -20.0, -20.0, -20.0
-2.574706335087625, 2.3092299799271236, -8.694129423842492, 21.31589264516248, -15.331487820592887, -149.62837537863658, -20.0, -20.0, -20.0
-2.5638484188466526, 2.3013846118839494, -8.769173051387728, 22.115772318728112, -16.04998435210404, -150.54613480230495, -20.0, -20.0, -20.0
-2.552600447606613, 2.293182039195938, -8.844657184175986, 22.87611264143035, -16.760306399941843, -151.39039635072766, -20.0, -20.0, -20.0
-2.5409844220534503, 2.2846284435488897, -8.920543039366814, 23.587989571221353, -17.454076188251612, -152.15302441258123, -20.0, -20.0, -20.0
-2.5290257120020985, 2.2757335328680948, -8.996789157863978, 24.246850634186202, -18.125566534928016, -152.83144957606908, -20.0, -20.0, -20.0
-2.516751035744213, 2.266509259520908, -9.07335392204677, 24.851854397354725, -18.771526853818525, -153.42760715510468, -20.0, -20.0, -20.0
-2.504186843482509, 2.256968694250117, -9.150197473482235, 25.404914649462423, -19.390734229344936, -153.94659858675294, -20.0, -20.0, -20.0
-2.491358179459141, 2.2471251452009366, -9.227282980247342, 25.90974144400998, -19.983461967375813, -154.39542847367238, -20.0, -20.0, -20.0
-2.4782879840407297, 2.2369915323865373, -9.304577336112756, 26.371040229634282, -20.55098929022147, -154.78199498798415, -20.0, -20.0, -20.0
-2.4649967438142752, 2.2265799831372592, -9.382051428571605, 26.793920676183763, -21.09520770688998, -155.1143748474144, -20.0, -20.0, -20.0
-2.4515023881368885, 2.215901597788223, -9.459680114458683, 27.18350203336319, -21.618333689254417, -155.4003687008954, -20.0, -20.0, -20.0
-2.437820343853017, 2.2049663358151537, -9.537442018012545, 27.5446751021228, -22.122714203022397, -155.64724551455183, -20.0, -20.0, -20.0
-2.4239636808261764, 2.1937829812397442, -9.6153192355422, 27.88197700523953, -22.610704098615074, -155.8616246040692, -20.0, -20.0, -20.0
-2.409943301234242, 2.1823591564680798, -9.693297003017571, 28.199541362498298, -23.084594988043136, -156.04944529741803, -20.0, -20.0, -20.0
-2.395768141965308, 2.1707013629567182, -9.771363361283278, 28.50109571323887, -23.546579057403743, -156.21598776540804, -20.0, -20.0, -20.0
-2.381445371391011, 2.1588150342809747, -9.8495088383175, 28.789986583947922, -23.998735645570882, -156.3659203714732, -20.0, -20.0, -20.0
-2.366980569917962, 2.1467045923114467, -9.927726157874524, 29.069219308248186, -24.443032232541228, -156.50335785662764, -20.0, -20.0, -20.0
-2.352377888962122, 2.1343735006509252, -10.006009977575825, 29.341504515111875, -24.88133440954393, -156.63192094858027, -20.0, -20.0, -20.0
-2.3376401862191827, 2.121824311675942, -10.08435665584641, 29.609306456644237, -25.31542149038864, -156.75479213375598, -20.0, -20.0, -20.0
-2.3227691369880232, 2.109058704844662, -10.162764045117802, 29.87489046799349, -25.74700583473179, -156.87476495181338, -20.0, -20.0, -20.0
-2.3077653223213006, 2.0960775146686834, -10.241231307793605, 30.140368198897704, -26.177754869181165, -156.9942857514001, -20.0, -20.0, -20.0
-2.2926282952468973, 2.0828807471097166, -10.319758751167049, 30.40774009871569, -26.609315366685504, -157.11548774237522, -20.0, -20.0, -20.0
-2.2773566264319576, 2.0694675832932923, -10.39834767751361, 30.67893516104392, -27.04333989901212, -157.240217643874, -20.0, -20.0, -20.0
-2.2619479305760377, 2.055836369418755, -10.477000245781833, 30.9558482626354, -27.481515599136443, -157.37005542901449, -20.0, -20.0, -20.0
-2.246398874599889, 2.0419845916387698, -10.555719341568931, 31.240375641958888, -27.925595520803707, -157.50632771937958, -20.0, -20.0, -20.0
-2.230705168388412, 2.0279088345082728, -10.63450845233925, 31.534449203949237, -28.37743300118374, -157.65011536189604, -20.0, -20.0, -20.0
-2.2148615384773525, 2.0136047213719857, -10.713371545099552, 31.840070440289203, -28.839019543964675, -157.8022556793063, -20.0, -20.0, -20.0
-2.1988616846572495, 1.9990668347713298, -10.792312943984292, 32.15934484012224, -29.312526858658153, -157.96333985965362, -20.0, -20.0, -20.0
-2.182698219009496, 1.9842886146002856, -10.871337205441055, 32.49451775089117, -29.8003538255192, -158.13370596739722, -20.0, -20.0, -20.0
-2.1663625863847513, 1.969262231316363, -10.950448988968185, 32.84801274808822, -30.30517931017105, -158.31342814112156, -20.0, -20.0, -20.0
-2.149844964772193, 1.9539784310051653, -11.029652921680935, 33.222473702145194, -30.830021934619314, -158.50230270987774, -20.0, -20.0, -20.0
-2.133134143369223, 1.9384263484882402, -11.108953455415923, 33.620811909735814, -31.378308133081283, -158.69983223007623, -20.0, -20.0, -20.0
-2.1162173754141995, 1.9225932839295843, -11.188354715681873, 34.04625991035819, -31.95395010154238, -158.90520883372582, -20.0, -20.0, -20.0
-2.0990802019438144, 1.906464437498614, -11.267860342590069, 34.50243397118192, -32.561435622339296, -159.1172987990546, -20.0, -20.0, -20.0
-2.08170624151569, 1.8900225955272092, -11.347473325017644, 34.99340774131555, -33.20593226327965, -159.3346309112464, -20.0, -20.0, -20.0
-2.0640769395007847, 1.8732477601614863, -11.427195830737334, 35.523800318306556, -33.893409199611675, -159.55539196751204, -20.0, -20.0, -20.0
-2.046171268663445, 1.856116712607544, -11.507029037147754, 36.09888303105196, -34.630781016157975, -159.7774336741665, -20.0, -20.0, -20.0
-2.0279653702151514, 1.838602497476057, -11.58697296960201, 36.72471076212153, -35.42607950978933, -159.9982961428604, -20.0, -20.0, -20.0
-2.0094321210728925, 1.820673812095231, -11.66702635717865, 37.40828580691359, -36.28866201351453, -160.2152541636958, -20.0, -20.0, -20.0
