-0.018599800942622608, 0.02984673596597616, -0.0046418571807877625, -66.46973140800078, 106.67669003030055, -16.54296573820645, -20.0, 20.0, 20.0
-0.03259436797587328, 0.052193863477446936, -0.007741939573260249, 10.491463274998125, -17.288179984417425, 4.142636168316503, -20.0, -20.0, 20.0
-0.03716768680363803, 0.059290780450991516, -0.008052698649789181, -28.78473858605713, 45.675847878595754, -5.385672474432237, -20.0, 20.0, 20.0
-0.0569604021842406, 0.09076937236707583, -0.011991646719358127, -50.38612293635317, 80.23851978574149, -10.370119803843547, -20.0, 20.0, 20.0
-0.07601945712994818, 0.12100516902292156, -0.015465513564915195, -25.85009684647712, 40.70466683764144, -3.525347578384727, -20.0, 20.0, 20.0
-0.09021643507762414, 0.14336281841567994, -0.017411702291031003, -30.937814944226723, 48.725930733392076, -4.259407326078507, -20.0, 20.0, 20.0
-0.10512323275616141, 0.1667896171580739, -0.019258194786306786, -28.68937576992236, 44.98126423618366, -3.126562655024631, -20.0, 20.0, 20.0
-0.11904594885752329, 0.18856935674160732, -0.020574553234510712, -27.001488635525135, 42.13769409795006, -2.1388711377910643, -20.0, 20.0, 20.0
-0.13221625407411197, 0.20907442970400433, -0.021420822392281897, -25.679732230829632, 39.882597751638016, -1.246205493293679, -20.0, 20.0, 20.0
-0.14478790157682656, 0.2285519546077346, -0.0218369733395248, -24.60685778002868, 38.02750186328296, -0.41839829567793807, -20.0, 20.0, 20.0
-0.1568678036138602, 0.24717375517983317, -0.02185092917599817, -23.71275036810592, 36.459700425111365, 0.36257494978446503, -20.0, 20.0, 20.0
-0.16853412182333322, 0.26506544020711165, -0.021483225452594595, -22.952522469786125, 35.10703968400249, 1.1082399438298238, -20.0, 20.0, 20.0
-0.17984621495950787, 0.28232239431041856, -0.02074957289809175, -22.29585007491246, 33.92077672922512, 1.8263702741815595, -20.0, 20.0, 20.0
-0.19085051824759316, 0.2990192291139374, -0.019662372275901126, -21.72136307742875, 32.86656248485041, 2.5224322145809355, -20.0, 20.0, 20.0
-0.2015842291733094, 0.3152157084238627, -0.01823166427031874, -21.213480625436226, 31.919354754850836, 3.200399807748609, -20.0, 20.0, 20.0
-0.21207772961055402, 0.3309606421514761, -0.01646575390387635, -20.760521123542286, 31.060380155602612, 3.863241658020963, -20.0, 20.0, 20.0
-0.22235623977537072, 0.3462945454341327, -0.014371637100398533, -20.353519535724505, 30.275232975023858, 4.513225555890296, -20.0, 20.0, 20.0
-0.23244098415102304, 0.36125151326469845, -0.011955301546377497, -19.985457966884827, 29.55263834723924, 5.1521166601938475, -20.0, 20.0, 20.0
-0.24235003574262795, 0.37586057803934575, -0.009221944697298631, -19.6507483995348, 28.883620751349888, 5.781310736121618, -20.0, 20.0, 20.0
-0.25209894160098045, 0.3901467154934154, -0.006176135441604955, -19.344875033875276, 28.26092906492863, 6.401926286653086, -20.0, 20.0, 20.0
-0.26170119558193644, 0.40413160506338414, -0.0028219364120847744, -19.064140889948778, 27.67862921494632, 7.014869831427638, -20.0, 20.0, 20.0
-0.27116860190792114, 0.417834214706764, 0.0008370018349935855, -18.80548441398998, 27.131809358573214, 7.620883156885803, -20.0, 20.0, 20.0
-0.28051155906946434, 0.43127125766141566, 0.004797367166087007, -18.56634423218282, 26.616362460033343, 8.220578167487883, -20.0, 20.0, 20.0
-0.28973928456041903, 0.44445755408748433, 0.009056127464621193, -18.344557731635877, 26.128823244241335, 8.814463026648864, -20.0, 20.0, 20.0
-0.29885999495898574, 0.4574063209199972, 0.013610483736728601, -18.138283862631027, 25.666244085810185, 9.402962061780773, -20.0, 20.0, 20.0
-0.3078810518200293, 0.47012940675522613, 0.01845783203431935, -17.94594358154314, 25.22609925510549, 9.986431128582215, -20.0, 20.0, 20.0
-0.3168090810505011, 0.4826374841030699, 0.02359573222097238, -17.76617334034413, 24.806210136269474, 10.565169618029909, -20.0, 20.0, 20.0
-0.3256500714756363, 0.49494020818029655, 0.02902188211211253, -17.597788360196688, 24.404686172637078, 11.139429946530688, -20.0, 20.0, 20.0
-0.3344094568996994, 0.5070463491626648, 0.034734095882604746, -17.43975333605589, 24.019877756835836, 11.709425135438186, -20.0, 20.0, 20.0
-0.34309218494644433, 0.5189639031764643, 0.0407302858973167, -17.29115885092377, 23.650338298362524, 12.275334923409629, -20.0, 20.0, 20.0
-0.3517027752151994, 0.5307001861055276, 0.047008447313235925, -17.151202224096387, 23.294793417890713, 12.83731074026727, -20.0, 20.0, 20.0
-0.3602453687303979, 0.5422619133925737, 0.05356664494551873, -17.019171836697673, 22.95211573029363, 13.39547978886394, -20.0, 20.0, 20.0
-0.36872377024183756, 0.553655268337682, 0.06040300199820318, -16.894434209060783, 22.62130405013966, 13.949948421873847, -20.0, 20.0, 20.0
-0.3771414846126644, 0.5648859608817843, 0.06751569034284723, -16.776423274246557, 22.301466126269688, 14.500804956702371, -20.0, 20.0, 20.0
-0.38550174828571604, 0.5759592784669961, 0.07490292209183584, -16.664631417960116, 21.991804214577446, 15.048122039252066, -20.0, 20.0, 20.0
-0.3938075566276065, 0.5868801302581393, 0.08256294226238341, -16.55860194960186, 21.691602949995218, 15.59195864293822, -20.0, 20.0, 20.0
-0.4020616878001907, 0.5976530857690655, 0.09049402236584526, -16.45792274073472, 21.40021909370931, 16.132361770909192, -20.0, 20.0, 20.0
-0.4102667236908556, 0.6082824087473759, 0.09869445478740597, -16.362220821924975, 21.117072819532392, 16.669367915333645, -20.0, 20.0, 20.0
-0.4184250683391003, 0.6187720870200368, 0.10716254784542739, -16.271157771053836, 20.84164027111109, 17.203004316752008, -20.0, 20.0, 20.0
-0.4265389642215976, 0.6291258588813861, 0.11589662143912685, -16.18442575893519, 20.57344717428564, 17.73329005804581, -20.0, 20.0, 20.0
-0.43461050669725665, 0.6393472365074883, 0.1248950032088798, -16.101744143700966, 20.312063330123244, 18.260237020965985, -20.0, 20.0, 20.0
-0.442641656864586, 0.6494395268016767, 0.13415602514610767, -16.022856525616366, 20.05709784663077, 18.783850727945488, -20.0, 20.0, 20.0
-0.4506342530434947, 0.6594058500115677, 0.14367802060003879, -15.947528190018282, 19.808194992933288, 19.304131087778995, -20.0, 20.0, 20.0
-0.4585900210607174, 0.6692491564048749, 0.15345932163709372, -15.87554387887247, 19.565030580295588, 19.821073060440703, -20.0, 20.0, 20.0
-0.4665105834908681, 0.6789722412476759, 0.16349825671561566, -15.80670584173036, 19.327308790908287, 20.33466725364706, -20.0, 20.0, 20.0
-0.4743974679825948, 0.6885777582925853, 0.17379314864443116, -15.740832125176404, 19.094759388729344, 20.844900461614902, -20.0, 20.0, 20.0
-0.48225211478054075, 0.6980682319541511, 0.1843423127985124, -15.67775506660739, 18.86713525753419, 21.351756154710078, -20.0, 20.0, 20.0
-0.4900758835381168, 0.7074460683235844, 0.19514405556900102, -15.617319963696945, 18.64421022019868, 21.855214927244358, -20.0, 20.0, 20.0
-0.4978700595028963, 0.716713565153764, 0.20619667302818595, -15.559383895421133, 18.425777100520047, 22.355254909495336, -20.0, 20.0, 20.0
-0.505635859145314, 0.7258729209276154, 0.21749844979282093, -15.503814674249277, 18.211645994884936, 22.851852149044607, -20.0, 20.0, 20.0
-0.5133744352919242, 0.7349262431078534, 0.22904765807151073, -15.450489912191529, 18.0016427260671, 23.344980965714605, -20.0, 20.0, 20.0
-0.5210868818164626, 0.7438755556532639, 0.2408425568838651, -15.399296185962223, 17.7956074555752, 23.834614283702916, -20.0, 20.0, 20.0
-0.5287742379351187, 0.7527228058757647, 0.25288139144077576, -15.35012828866222, 17.593393434428084, 24.320723943939736, -20.0, 20.0, 20.0
-0.5364374921465795, 0.7614698707031554, 0.2651623926765632, -15.30288855718109, 17.3948658751347, 24.803280999210003, -20.0, 20.0, 20.0
-0.5440775858523831, 0.7701185624044635, 0.27768377692490837, -15.257486266033013, 17.19990093009769, 25.282255994170484, -20.0, 20.0, 20.0
-0.551695416688796, 0.7786706338279188, 0.29044374573146137, -15.213837079618331, 17.008384763723548, 25.757619232041492, -20.0, 20.0, 20.0
-0.5592918415976971, 0.7871277831956679, 0.3034404857968348, -15.171862555986298, 16.820212707272862, 26.22934102945217, -20.0, 20.0, 20.0
-0.5668676796607177, 0.7954916584942298, 0.31667216904436274, -15.131489696096358, 16.63528848697444, 26.69739196065965, -20.0, 20.0, 20.0
-0.5744237147180824, 0.8037638614952732, 0.3301369528075624, -15.092650533362184, 16.45352351719954, 27.16174309213895, -20.0, 20.0, 20.0
-0.5819606977911571, 0.8119459514374688, 0.34383298013268376, -15.055281758936557, 16.274836251582727, 27.62236620834658, -20.0, 20.0, 20.0
-0.5894793493255848, 0.8200394483968427, 0.35775838019209355, -15.019324378774085, 16.09915158591261, 28.079234029292664, -20.0, 20.0, 20.0
-0.5969803612700302, 0.8280458363701766, 0.3719112688045191, -14.984723399007638, 15.926400307422849, 28.532320420409462, -20.0, 20.0, 20.0
-0.6044643990039335, 0.8359665660934851, 0.3862897490583906, -14.951427536605536, 15.75651858581124, 28.98160059507656, -20.0, 20.0, 20.0
-0.6119321031262474, 0.8438030576154175, 0.40089191203467256, -14.919388952650252, 15.5894475019186, 29.427051310051446, -20.0, 20.0, 20.0
-0.619384091115886, 0.851556702643528, 0.41571583762567477, -14.888563005904196, 15.42513261052325, 29.868651053957304, -20.0, 20.0, 20.0
-0.6268209588735149, 0.8592288666796994, 0.4307595954463881, -14.858908024611168, 15.263523534162639, 30.30638022889587, -20.0, 20.0, 20.0
-0.63424328215335, 0.8668208909595627, 0.44602124583490727, -14.830385094729314, 15.10457358529057, 30.740221325180798, -20.0, 20.0, 20.0
-0.6416516178927844, 0.8743340942094915, 0.46149884093848376, -14.80295786300787, 14.948239414424386, 31.170159089125207, -20.0, 20.0, 20.0
-0.6490465054469138, 0.8817697742336572, 0.4771904258817063, -14.776592353509896, 14.79448068223841, 31.596180683765024, -20.0, 20.0, 20.0
-0.6564284677343788, 0.8891292093426727, 0.49309404001323676, -14.751256796350114, 14.643259753823402, 32.01827584235678, -20.0, 20.0, 20.0
-0.6637980123003573, 0.8964136596345189, 0.5092077182274394, -14.72692146756398, 14.494541413561569, 32.43643701445386, -20.0, 20.0, 20.0
-0.6711556323020367, 0.9036243681377261, 0.5255294923571375, -14.703558539153613, 14.348292599267058, 32.850659504338736, -20.0, 20.0, 20.0
-0.6785018074214427, 0.9107625618261469, 0.5420573926336146, -14.681141938470642, 14.204482154416183, 33.2609416015696, -20.0, 20.0, 20.0
-0.6858370047101097, 0.9178294525141116, 0.558789449209854, -14.659647216196923, 14.063080597442921, 33.66728470338791, -20.0, 20.0, 20.0
-0.6931616793697273, 0.9248262376402739, 0.575723693742883, -14.639051422273356, 13.924059907206166, 34.06969342872831, -20.0, 20.0, 20.0
-0.700476275472597, 0.9317541009480375, 0.5928581610309586, -14.619332989205745, 13.787393323847917, 34.4681757235738, -20.0, 20.0, 20.0
-0.7077812266254601, 0.938614213070089, 0.6101908907012036, -14.600471622246234, 13.653055164358086, 34.862742957406475, -20.0, 20.0, 20.0
-0.7150769565800241, 0.9454077320242394, 0.6277199289431845, -14.582448196010144, 13.521020652243626, 35.25341001051748, -20.0, 20.0, 20.0
-0.7223638797933122, 0.9521358036274925, 0.6454433302838035, -14.565244657141994, 13.39126576076868, 35.640195351958575, -20.0, 20.0, 20.0
-0.7296424019407707, 0.9587995618350071, 0.6633591593987785, -14.54884393269189, 13.263767069289896, 36.023121107941414, -20.0, 20.0, 20.0
-0.7369129203849198, 0.9654001290103942, 0.6814654929558936, -14.533229843904962, 13.138501632258066, 36.40221312051896, -20.0, 20.0, 20.0
-0.7441758246021868, 0.9719386161335825, 0.6997604214851274, -14.518387025162747, 13.015446860495041, 36.77750099641594, -20.0, 20.0, 20.0
-0.7514314965704392, 0.9784161229523023, 0.7182420512707093, -14.504300847846833, 12.894580414384405, 37.149018145911505, -20.0, 20.0, 20.0
-0.7586803111196314, 0.9848337380830575, 0.7369085062601163, -14.490957348922318, 12.775880108636695, 37.51680181171641, -20.0, 20.0, 20.0
-0.7659436329899267, 0.9912561618880444, 0.7556023729571698, -14.56233013225912, 12.913815111310972, 37.25866497649786, -20.0, 20.0, 1.6300224697397425
-0.7732665235082415, 0.9978205909010023, 0.7739851302800167, -14.729231941000249, 13.343900940520268, 36.27236431488967, -20.0, 20.0, -20.0
-0.7806706968808483, 1.0045961949895679, 0.7918767030390826, -14.887461549426849, 13.758515413742176, 35.293926721373936, -20.0, 20.0, -20.0
-0.788151884088486, 1.0115753411407375, 0.8092810705241222, -15.037287281124108, 14.158069190936537, 34.32354321878447, -20.0, 20.0, -20.0
-0.7956956690503487, 1.0187203472520148, 0.8262766758436709, -15.137852566326536, 14.421955254172415, 33.65887805941034, -20.0, 20.0, -11.071337319925078
-0.8032986354150772, 1.0260248674261683, 0.8428672992099756, -15.27401289258727, 14.796125442441284, 32.70361540580836, -20.0, 20.0, -20.0
-0.8109324810726211, 1.0334104817553527, 0.8592354845558208, -15.261369737588298, 14.746331874295851, 32.76912597757252, -20.0, 20.0, 10.638167102617444
-0.8185954442061241, 1.0408733180429603, 0.875384224943888, -15.390482796423832, 15.105013276134477, 31.82583557469646, -20.0, 20.0, -20.0
-0.8263211516718904, 1.0485121795372125, 0.8910634679729056, -15.512347066641333, 15.450432700873913, 30.891136541373733, -20.0, 20.0, -20.0
-0.8341060422250423, 1.0563205414541843, 0.9062775205425908, -15.627215145966312, 15.783014967013148, 29.965073737366986, -20.0, 20.0, -20.0
-0.8419378964879474, 1.0642671735817666, 0.9210928613118241, -15.70020190565437, 16.003513543316068, 29.296289339566428, -20.0, 20.0, -12.345491202644553
-0.8498046494293657, 1.072320611868414, 0.9355787742067886, -15.766809860019181, 16.2102396032744, 28.647362240291304, -20.0, 20.0, -11.926678565633665
-0.8577043401961018, 1.0804773394243372, 0.949737037340964, -15.831953206925034, 16.416670620418127, 27.985690296410567, -20.0, 20.0, -12.514474765289378
-0.8656299747483915, 1.0887197019294104, 0.9636054157956577, -15.870585002234183, 16.552779399874368, 27.487823522364057, -20.0, 20.0, -7.604454196720326
-0.8735883580552019, 1.0970679719180283, 0.9771271221413473, -15.962948225007198, 16.84030055459707, 26.599001860394285, -20.0, 20.0, -20.0
-0.8815461343310845, 1.105431952523948, 0.9905245184018161, -15.868156878523715, 16.615621869081338, 26.990583181480563, -20.0, 20.0, 20.0
-0.8895029473821403, 1.113809977948414, 1.003800215953712, -15.959095325699593, 16.89647982878262, 26.112207026103544, -20.0, 20.0, -20.0
-0.8975038356564952, 1.1223258345362284, 1.0166388740844783, -16.04445777171976, 17.16694652247486, 25.242425496961744, -20.0, 20.0, -20.0
-0.9055460623467647, 1.13097442175994, 1.029044770454447, -16.12444898935861, 17.427402372371482, 24.381159982912994, -20.0, 20.0, -20.0
-0.9136051447802528, 1.13969155091841, 1.0411747731429373, -16.111880744593734, 17.441114261508268, 24.138850771048357, -20.0, 20.0, -0.467989518552713
-0.9216797193253313, 1.1484741845387665, 1.053032257001761, -16.186417435720227, 17.689420219917327, 23.29108466424662, -20.0, 20.0, -20.0
-0.9297662998430802, 1.157314031553411, 1.064635783162477, -16.1599046352754, 17.669967838660096, 23.12301997861765, -20.0, 20.0, 1.659695288896728
-0.9378637566715706, 1.1662084416525125, 1.0759885789469221, -16.229922678686233, 17.907672557745723, 22.2881631591627, -20.0, 20.0, -20.0
-0.9459778491916043, 1.1751736320672372, 1.0870461654902344, -16.226447401448745, 17.953089101153523, 21.94218301408647, -20.0, 20.0, -4.362901200770466
-0.9541071919905842, 1.1842066382383454, 1.0978119512340916, -16.290923794470793, 18.178935583279387, 21.120959961342496, -20.0, 20.0, -20.0
-0.9622240468821318, 1.1932350646604026, 1.1084740465175833, -16.176495771719335, 17.934770104949628, 21.527421172624123, -20.0, 20.0, 20.0
-0.97032850028834, 1.202258092354738, 1.1190348050290642, -16.24131785311323, 18.157340672391133, 20.71561287329903, -20.0, 20.0, -20.0
-0.9784642899907582, 1.2113904187297821, 1.1291916291023252, -16.30184095655958, 18.37196482778604, 19.911683419744858, -20.0, 20.0, -20.0
-0.9866162887009331, 1.2205940895586467, 1.1390395923114787, -16.306153884140155, 18.442718487672337, 19.480169416869096, -20.0, 20.0, -7.894404715828841
-0.9947726626755722, 1.2298390190148514, 1.1486553935571389, -16.3193420144162, 18.536999337146472, 18.983035565771242, -20.0, 20.0, -10.223273023058027
-1.0029215175270183, 1.2390946353944965, 1.1581201100724219, -16.27607739136866, 18.485466181434344, 18.875830495360802, -20.0, 20.0, 2.661285985570885
-1.0110731140775153, 1.2483870997150475, 1.1673628849533007, -16.330308810619364, 18.68439110076986, 18.09526902815407, -20.0, 20.0, -20.0
-1.019217325421449, 1.2576907235864199, 1.1764533268201092, -16.246536565115004, 18.5301043847196, 18.266498439080063, -20.0, 20.0, 11.847170943548917
-1.0273539386003891, 1.2670044117162336, 1.1853938889253395, -16.299916150645817, 18.724648134535165, 17.495749981840778, -20.0, 20.0, -20.0
-1.0355163227365671, 1.2764137109324865, 1.1939508801198662, -16.34962039406613, 18.912548730476203, 16.732214796265644, -20.0, 20.0, -20.0
-1.0436612030992727, 1.2858094029084783, 1.2024210152335606, -16.22990105675591, 18.67021917349112, 17.148325658511833, -20.0, 20.0, 20.0
-1.051788832959565, 1.2951911019478566, 1.2108063367884991, -16.28061838441392, 18.856576984022283, 16.392960561241914, -20.0, 20.0, -20.0
-1.0599409511592677, 1.3046644260390474, 1.2188157116384486, -16.32785441439635, 19.03671938074143, 15.64453883855601, -20.0, 20.0, -20.0
-1.06807506696428, 1.3141230764529042, 1.2267424244944156, -16.208608805653288, 18.79788227468512, 16.06231258531181, -20.0, 20.0, 20.0
-1.0761914475009682, 1.3235667374860118, 1.2345884332968826, -16.256913341099395, 18.976761857745323, 15.321722624556463, -20.0, 20.0, -20.0
-1.084331154516153, 1.333098384774757, 1.2420658139626415, -16.3019147196394, 19.149827297235237, 14.58780003847915, -20.0, 20.0, -20.0
-1.0924524858868139, 1.3426145539055474, 1.2494645237812962, -16.183410763004503, 18.914849225925966, 15.007039236139688, -20.0, 20.0, 20.0
-1.1005557183953198, 1.352114992202359, 1.2567864341065271, -16.22951927101919, 19.08690396132062, 14.280602064784242, -20.0, 20.0, -20.0
-1.10868122037429, 1.3617000985457142, 1.2637467228404893, -16.272488644861298, 19.25352141210004, 13.560552871064477, -20.0, 20.0, -20.0
-1.116788081746789, 1.3712691551004283, 1.2706321248539787, -16.154956845135242, 19.02270480675682, 13.98105518289354, -20.0, 20.0, 20.0
-1.1248765855521725, 1.3808219661946417, 1.2774444237856608, -16.19905837639904, 19.188539570096513, 13.26814054383535, -20.0, 20.0, -20.0
-1.1329800359184041, 1.3904406663914117, 1.2839478235892288, -16.21474308852712, 19.286261216983533, 12.745458670436431, -20.0, 20.0, -13.460981683948376
-1.141058600073601, 1.4000275681854446, 1.2904257348603223, -16.099513532260236, 19.06134595914797, 13.166186413938048, -20.0, 20.0, 20.0
-1.1491191939187744, 1.409598638091556, 1.2968336298659286, -16.142861848433093, 19.222933665297482, 12.465393608487645, -20.0, 20.0, -20.0
-1.1572007443679513, 1.419249302206918, 1.302892593977945, -16.183339948274135, 19.379722796150194, 11.770462839577492, -20.0, 20.0, -20.0
-1.1652639187253968, 1.4288840512987084, 1.3088832310996674, -16.069357481507645, 19.159273571012076, 12.19208564731203, -20.0, 20.0, 20.0
-1.1733089893528816, 1.4385027593811943, 1.3148071700346677, -16.110925028431268, 19.315558758931235, 11.503670092689395, -20.0, 20.0, -20.0
-1.1813524773881356, 1.4481454358219805, 1.3205480665650553, -16.06302711258475, 19.255147004213594, 11.459916028860746, -20.0, 20.0, 3.168392304180543
-1.1893939592924512, 1.457811073353553, 1.3261080098992923, -16.102900504677677, 19.407403122076076, 10.779857308087813, -20.0, 20.0, -20.0
-1.197417773517422, 1.4674617078493375, 1.3316032818890842, -15.992356395205555, 19.19513486106187, 11.201230651079461, -20.0, 20.0, 20.0
-1.205424171417276, 1.477097231604511, 1.3370354256262862, -16.033235204210413, 19.346960159632463, 10.527344297728257, -20.0, 20.0, -20.0
-1.2134336082861399, 1.4867669357488824, 1.3422570203996886, -16.004512271245254, 19.33185641785289, 10.359034795881104, -20.0, 20.0, -1.6207490281581158
-1.2214409288212622, 1.4964585852298644, 1.3473044011553672, -16.02476986924399, 19.4347415060749, 9.830488226833497, -20.0, 20.0, -14.953201619349784
-1.229426550817167, 1.5061249154370258, 1.3523248674051653, -15.91771811437464, 19.230579322570325, 10.251376772359217, -20.0, 20.0, 20.0
-1.2373954665218614, 1.5157771632971462, 1.3572855029870736, -15.957944704403454, 19.378412117911466, 9.59116555527389, -20.0, 20.0, -20.0
-1.2453631608571072, 1.5254523294080609, 1.3620742461160313, -15.91283263657975, 19.32225232574743, 9.563806960557246, -20.0, 20.0, 3.3643032156285244
-1.253329249246469, 1.535149572190962, 1.366692950959297, -15.951520920867152, 19.466718805857127, 8.911012412505414, -20.0, 20.0, -20.0
-1.2612394412003733, 1.544751834055156, 1.371337775156931, -15.689246894750259, 18.942328650919286, 9.668284378029753, -20.0, -20.0, 20.0
-1.2690561836681717, 1.5541798134748668, 1.3760922605558297, -15.577722976443155, 18.769589027923395, 9.349657217565758, -20.0, -19.77356023767561, -20.0
-1.276817960806676, 1.5635223011728476, 1.3806875061000403, -15.469385577574238, 18.600361763999643, 9.031324959277077, -20.0, -20.0, -20.0
-1.2845265508615187, 1.5727814584698196, 1.3851232023946942, -15.36497464179639, 18.43626742388841, 8.711460219338482, -20.0, -20.0, -20.0
-1.2921838740380773, 1.5819597903870102, 1.3893986032725285, -15.264318064438068, 18.277060244873773, 8.39014329199903, -20.0, -20.0, -20.0
-1.2997917670256502, 1.591059682989034, 1.3935130012954429, -15.167253885853292, 18.122510163221477, 8.067448799658195, -20.0, -20.0, -20.0
-1.3073502617386654, 1.6000792752699766, 1.3974792308929105, -15.066724966207044, 17.95585896054872, 7.7974695902120414, -20.0, -20.0, -17.939830436555667
-1.314844165057677, 1.608980252553062, 1.4014297049989004, -14.90888830983911, 17.648050171793468, 8.004426833747715, -20.0, -20.0, 0.3599450754663849
-1.3222774722787607, 1.6177696013410756, 1.4053498687904324, -14.824340574495928, 17.509344980260312, 7.676228332380867, -20.0, -20.0, -20.0
-1.3296692440358013, 1.626490530073371, 1.4091056742571535, -14.742746453667046, 17.374369948921245, 7.346993534503057, -20.0, -20.0, -20.0
-1.3370161892596926, 1.6351335349090927, 1.4127343232573013, -14.645034441897458, 17.19764939396578, 7.167602466088477, -20.0, -20.0, -14.182834060923824
-1.344312547766724, 1.6436830789399421, 1.4162936514367752, -14.540399586227917, 17.000526729431687, 7.0697102518071855, -20.0, -20.0, -10.962461379338038
-1.3515647919241562, 1.6521526269070668, 1.419745229500988, -14.468577043501067, 16.877665139066544, 6.736602005044148, -20.0, -20.0, -20.0
-1.3587561108808812, 1.6605002716976773, 1.423236720239658, -14.29669878339894, 16.512914023375714, 7.229360949636149, -20.0, -20.0, 12.139474636347131
-1.3658885436531498, 1.6687284691414315, 1.426767190826504, -14.23303230567537, 16.39987575164079, 6.892521397748104, -20.0, -20.0, -20.0
-1.372989694732658, 1.676900810778866, 1.4301290848597366, -14.171572012358014, 16.28949079809816, 6.555054735182191, -20.0, -20.0, -20.0
-1.3800606472909378, 1.685018597469701, 1.433322095366409, -14.112238220760622, 16.181655965241575, 6.216987291507903, -20.0, -20.0, -20.0
-1.3870916896763772, 1.693057388282341, 1.4364342036706805, -14.011931320997231, 15.973507285318497, 6.231445925577908, -20.0, -20.0, -6.129375445192409
-1.3940841575091636, 1.7010187620048414, 1.4394649177447116, -13.95794001014871, 15.871987604683031, 5.891410370546718, -20.0, -20.0, -20.0
-1.4010319772624773, 1.708886622403977, 1.4424755902381752, -13.833339003106413, 15.599453991859134, 6.1512796033073105, -20.0, -20.0, 3.700607342320609
-1.4079366092067656, 1.716662665480974, 1.4454656421578378, -13.78518877404675, 15.504718316128857, 5.808928075342849, -20.0, -20.0, -20.0
-1.41481759057894, 1.724391829148897, 1.448284422463287, -13.73873671465129, 15.4119363555634, 5.466193146453511, -20.0, -20.0, -20.0
-1.4216537709267474, 1.7320224684416805, 1.4511164149258835, -13.60598467657851, 15.110620815569865, 5.861776703932856, -20.0, -20.0, 9.368509693784517
-1.428446585483106, 1.7395562148222887, 1.4539610495780306, -13.565273548856524, 15.02436470686328, 5.516761904655954, -20.0, -20.0, -20.0
-1.4352194138789942, 1.7470472445447205, 1.4566331105888286, -13.526040034696285, 14.939754182863492, 5.171482138535572, -20.0, -20.0, -20.0
-1.441963328780302, 1.7544732240044143, 1.45921473039449, -13.44961957053479, 14.76416365591144, 5.154997084110322, -20.0, -20.0, -6.827481852502842
-1.4486793003921155, 1.7618352320667159, 1.4617056203794623, -13.414266876719553, 14.683868593295124, 4.808562855778328, -20.0, -20.0, -20.0
-1.455349020916321, 1.7690880464991876, 1.46427195559272, -13.264615220102554, 14.327389136591808, 5.456777997252517, -20.0, -20.0, 20.0
-1.461973914669084, 1.7762332336640567, 1.4669131687662507, -13.234959790949876, 14.253359522884944, 5.108074696870506, -20.0, -20.0, -20.0
-1.4685842736143144, 1.7833417116804189, 1.4693800048892969, -13.206475989971969, 14.180552542563541, 4.759269795313903, -20.0, -20.0, -20.0
-1.4751806748439948, 1.7904140831406063, 1.4716724129958296, -13.179128928749964, 14.1089332981862, 4.410362630817405, -20.0, -20.0, -20.0
-1.4817425767960588, 1.7974000572461726, 1.473975561409518, -13.068478879505593, 13.83496312407903, 4.80223102393645, -20.0, -20.0, 10.042698028121436
-1.4882710637790444, 1.804300791288556, 1.4762890843150753, -13.045469052437063, 13.767973045454829, 4.451860598292497, -20.0, -20.0, -20.0
-1.4947882946806044, 1.8111682802938212, 1.478427413291288, -13.023454553802894, 13.701982975605754, 4.101455306558012, -20.0, -20.0, -20.0
-1.5012734269719292, 1.8179513818713462, 1.4805806840523708, -12.917074611496624, 13.430423334494797, 4.511627737772746, -20.0, -20.0, 11.029160220874473
-1.5077274656769666, 1.8246511459979307, 1.4827485759379886, -12.899080208653018, 13.368633171843372, 4.159939804698205, -20.0, -20.0, -20.0
-1.5141727250510646, 1.8313202245782478, 1.4847406293797418, -12.881957287738622, 13.307681149425557, 3.8082739623148574, -20.0, -20.0, -20.0
-1.520587532210798, 1.837905288554205, 1.486756989711104, -12.777271351195091, 13.032574754403216, 4.257167363133251, -20.0, -20.0, 12.846484273421083
-1.5269728345646714, 1.8444073074540872, 1.488797368784384, -12.76393806429804, 12.975500845124856, 3.904348929987026, -20.0, -20.0, -20.0
-1.5333516606613073, 1.850880963346346, 1.4906613566564497, -12.75136632224589, 12.919122723910638, 3.5516025582755466, -20.0, -20.0, -20.0
-1.539704040952823, 1.857276872559766, 1.4925361933423067, -12.658154843817332, 12.664514129768426, 3.947744185152673, -20.0, -20.0, 10.894219590912257
-1.5460308131347853, 1.863595871567068, 1.4944216517420137, -12.648933884031381, 12.61148189943939, 3.594089413675281, -20.0, -20.0, -20.0
-1.5523531417887864, 1.869888499394079, 1.496130309791744, -12.64038073197263, 12.559029408604927, 3.2405427852463573, -20.0, -20.0, -20.0
-1.5586455794913585, 1.8760916675356423, 1.4979033339992995, -12.52937007831574, 12.253643157648323, 3.8515540449754613, -20.0, -20.0, 20.0
-1.5649090262306657, 1.8822062651117515, 1.4997404632197346, -12.524416878913208, 12.204747146788703, 3.4969628367647565, -20.0, -20.0, -20.0
-1.571170140437289, 1.8882965294208216, 1.5014003355344538, -12.520039947580234, 12.156310089491317, 3.1425264221122946, -20.0, -20.0, -20.0
-1.5774190808832782, 1.8943376332872375, 1.502979335833333, -12.47572183637592, 12.008105376172425, 3.173474773404286, -20.0, -20.0, -3.94136307847441
-1.5836563460464386, 1.900330032234264, 1.5044774171071764, -12.473338816265459, 11.961490411933305, 2.818850321969689, -20.0, -20.0, -20.0
-1.5898676925055488, 1.9062374255926346, 1.5060373611522955, -12.372047020175293, 11.668083021549053, 3.4209258585068145, -20.0, -20.0, 20.0
-1.5960539073048512, 1.9120605653752447, 1.5076589672522511, -12.372812177033765, 11.624476108891171, 3.0654985413156215, -20.0, -20.0, -20.0
-1.6022406190514062, 1.9178619812268896, 1.5091029082899263, -12.374034809186622, 11.581187297688498, 2.710265609384983, -20.0, -20.0, -20.0
-1.6084078778206858, 1.9235912928740482, 1.5105667667239486, -12.29500026793138, 11.336059290946029, 3.145168126703908, -20.0, -20.0, 13.187644667735526
-1.614556322205128, 1.9292490874364034, 1.5120504204866738, -12.298777269837487, 11.295118958474898, 2.7894469241964117, -20.0, -20.0, -20.0
-1.6207067544769163, 1.934886474583338, 1.513356265995769, -12.302951817315824, 11.254429629263312, 2.433935112183435, -20.0, -20.0, -20.0
-1.6268355839375586, 1.9404435093042178, 1.5147213812970588, -12.212366025253472, 10.973709254255342, 3.0265260929757773, -20.0, -20.0, 20.0
-1.6329434810279249, 1.945920805086052, 1.5161456267771967, -12.21922233621179, 10.935473873081277, 2.6704558275760064, -20.0, -20.0, -20.0
-1.639054891065659, 1.951379028241781, 1.5173918950578125, -12.226417814724686, 10.897418749835422, 2.3146172948869324, -20.0, -20.0, -20.0
-1.6451480437130426, 1.956762386972284, 1.5186828024268275, -12.146192774809771, 10.636016172176241, 2.849012181173599, -20.0, -20.0, 17.716426656370345
-1.6512235312554824, 1.9620714070491116, 1.520018249137913, -12.155757394949784, 10.600064135134184, 2.492774663168715, -20.0, -20.0, -20.0
-1.6573038733661014, 1.967362482066317, 1.5211756383518116, -12.165611047525989, 10.564235933686811, 2.1367821924251147, -20.0, -20.0, -20.0
-1.6633668964736945, 1.9725783022755228, 1.5223855884537474, -12.086481382846744, 10.299044903136815, 2.703018215318075, -20.0, -20.0, 19.229757502741904
-1.6694131637760603, 1.977719358629197, 1.5236480131183976, -12.098587826616356, 10.265180511560436, 2.346680443282918, -20.0, -20.0, -20.0
-1.6754655451483778, 1.9828435009836847, 1.5247323330857918, -12.110937662653132, 10.23138890638988, 1.9905994262938052, -20.0, -20.0, -20.0
-1.6815038800739246, 1.987898117451378, 1.5258520524267185, -12.042402039533792, 9.987076964383013, 2.4882779374128883, -20.0, -20.0, 16.456058123181663
-1.6875286605311597, 1.9928836229247084, 1.5270071171664428, -12.0567197894064, 9.954944928938856, 2.131981021483841, -20.0, -20.0, -20.0
-1.6935606509382635, 1.9978530708508837, 1.527984098470646, -12.071241839009168, 9.922846775762606, 1.7759441953292674, -20.0, -20.0, -20.0
-1.6995781927065114, 2.002749405997374, 1.52901639491103, -11.998925233982844, 9.662493810198912, 2.353241566206406, -20.0, -20.0, 20.0
-1.7055817753951483, 2.0075730386823816, 1.5301039508556877, -12.015405520564828, 9.632036929831584, 1.9969822124243994, -20.0, -20.0, -20.0
-1.7115936400338467, 2.012381441644029, 1.5310134436293394, -12.03205303422872, 9.601574916758157, 1.6409888821826466, -20.0, -20.0, -20.0
-1.7175925928729714, 2.0171182012242914, 1.5319774702275246, -11.963758322270218, 9.345463404292701, 2.215117510558028, -20.0, -20.0, 20.0
-1.7235790863875642, 2.02178368808521, 1.5329959901838002, -11.982215736100809, 9.316484039380702, 1.8589623145439655, -20.0, -20.0, -20.0
-1.7295748420980785, 2.026434675622924, 1.5338364997747274, -12.000807105956552, 9.287466111476268, 1.503076049164813, -20.0, -20.0, -20.0
-1.7355591232150174, 2.031015362872227, 1.5347308364535468, -11.936317361798748, 9.035282885735521, 2.0742706661130788, -20.0, -20.0, 20.0
-1.7415323480053095, 2.0355260849115613, 1.5356789725129465, -11.956581799369696, 9.00760527160207, 1.718273571485422, -20.0, -20.0, -20.0
-1.7475157310163658, 2.040022951358548, 1.5364491773148314, -11.97695024485499, 8.979860516345315, 1.3625456360545665, -20.0, -20.0, -20.0
-1.7534889841143666, 2.044450745468876, 1.5372725704125711, -11.916062147148311, 8.731315924966049, 1.9310267549041216, -20.0, -20.0, 20.0
-1.7594524939272949, 2.0488097703466943, 1.5381491346950298, -11.937977104564943, 8.70478358630821, 1.575230374930352, -20.0, -20.0, -20.0
-1.765426980462483, 2.0531555061818567, 1.5388478675397377, -11.959969036187157, 8.678159754340571, 1.2197010039013823, -20.0, -20.0, -20.0
-1.7713925955137058, 2.057433292390347, 1.5395992118005546, -11.902491168704639, 8.432985079621298, 1.7856760393666624, -20.0, -20.0, 20.0
-1.7773496963726927, 2.061643403309752, 1.5404031590130036, -11.925912267243051, 8.407458597997884, 1.4301128104291667, -20.0, -20.0, -20.0
-1.783314840055945, 2.0658305289011225, 1.5410725848011777, -11.934662465766735, 8.341043767484608, 1.2475903422667776, -20.0, -20.0, -12.484052048796912
-1.7892696418712228, 2.0699433048625764, 1.5418257611981792, -11.884544795344656, 8.110060078331252, 1.7651152457393642, -20.0, -20.0, 17.99560949011419
-1.7952181540075665, 2.0739922117492897, 1.5426194786550442, -11.909503750029764, 8.085567468522386, 1.4097545817212809, -20.0, -20.0, -20.0
-1.8011791526664422, 2.0780288379580067, 1.5432355819363028, -11.934490885473426, 8.060937366346092, 1.054658543313016, -20.0, -20.0, -20.0
-1.8071336408286574, 2.0819995577178623, 1.5439032680299984, -11.883461763387377, 7.821941673076014, 1.6160858314698383, -20.0, -20.0, 20.0
-1.8130819211787832, 2.085904591511085, 1.5446225450347073, -11.90965963711569, 7.798193499815604, 1.261022187365655, -20.0, -20.0, -20.0
-1.8190417295154624, 2.089793242563579, 1.5451835614194254, -11.929573709601309, 7.756410710158287, 0.9830433515061523, -20.0, -20.0, -16.64040163142775
-1.8249945040185154, 2.0936123899848544, 1.5458149339066871, -11.881524302610826, 7.52017897494445, 1.5424465975405997, -20.0, -20.0, 20.0
-1.830942119559737, 2.0973667251293198, 1.5464974601049155, -11.908937862276012, 7.497161602916389, 1.1876581953726206, -20.0, -20.0, -20.0
-1.8369029088109663, 2.101107982028737, 1.547009260535958, -11.934219142640538, 7.467865994752679, 0.8595435287969322, -20.0, -20.0, -18.841838864694694
-1.8428586948065013, 2.1047834817622224, 1.5475784201027687, -11.888924839499893, 7.234132939189433, 1.4170947384460564, -20.0, -20.0, 20.0
-1.8488102711983303, 2.1083949367132018, 1.5481983479735246, -11.917380727816148, 7.2116868647278425, 1.0626167445775787, -20.0, -20.0, -20.0
-1.8547712062079929, 2.111980924387302, 1.5487028889416974, -11.926359310834355, 7.1322638316726525, 0.9555471281135182, -20.0, -20.0, -9.141539523168348
-1.860729227867491, 2.115505259921542, 1.549249833084679, -11.905727327157944, 6.965078305287581, 1.232229443812184, -20.0, -20.0, 7.731515056088909
-1.8666894243918413, 2.1189822915990524, 1.5497774143231915, -11.935058770243291, 6.943048404753906, 0.8780955102378212, -20.0, -20.0, -20.0
-1.872649580134724, 2.122404744611703, 1.5503185099329801, -11.905564201287408, 6.746763645848675, 1.2862869289172343, -20.0, -20.0, 13.551110197781327
-1.8786098751043316, 2.1257727229450114, 1.5508731608625166, -11.93561567714337, 6.725149687385761, 0.9323167892288953, -20.0, -20.0, -20.0
-1.8845796375817199, 2.1291132722948105, 1.551323726780528, -11.943434232409974, 6.637047711810556, 0.8699468828167415, -20.0, -20.0, -7.154864454359313
-1.8905589151847886, 2.1324263688534333, 1.5516702919585827, -11.973676179864439, 6.615338522680013, 0.5163138294026546, -20.0, -20.0, -20.0
-1.896553299022797, 2.135728564779012, 1.551840090897152, -12.003859172168909, 6.5934451796339415, 0.1628819248738526, -20.0, -20.0, -20.0
-1.9025627594873284, 2.1390197718229724, 1.5518332184347068, -12.033982685956962, 6.571382996208614, -0.190371774654775, -20.0, -20.0, -20.0
-1.9085872667023485, 2.142299909387379, 1.5516497579224549, -12.06404617412265, 6.549167261417724, -0.5434702743527284, -20.0, -20.0, -20.0
-1.9146267905116632, 2.145568904512531, 1.5512897811916773, -12.09404906313665, 6.526813239189745, -0.8964366487578208, -20.0, -20.0, -20.0
-1.9206813004650407, 2.148826691864291, 1.5507533485170133, -12.12399075037307, 6.504336167850133, -1.249294049897952, -20.0, -20.0, -20.0
-1.9267507658029954, 2.1520732137211644, 1.5500405085756777, -12.153870601445648, 6.481751259643511, -1.6020657154450553, -20.0, -20.0, -20.0
-1.9328351554402448, 2.1553084199611483, 1.5491512984025926, -12.183687947552105, 6.459073700291058, -1.9547749768953895, -20.0, -20.0, -20.0
-1.938934437947839, 2.158532268048366, 1.5480857433414261, -12.213442082825416, 6.436318648578313, -2.307445267770131, -20.0, -20.0, -20.0
-1.945048581533968, 2.1617447230195026, 1.5468438569915262, -12.243132261690766, 6.413501235968632, -2.6601001318299997, -20.0, -20.0, -20.0
-1.9511775540234475, 2.164945757470054, 1.5454256411507443, -12.272757696226913, 6.390636566237526, -3.012763231297366, -20.0, -20.0, -20.0
-1.957321322835887, 2.1681353515403945, 1.5438310857541502, -12.302317553530644, 6.367739715123058, -3.3654583550789843, -20.0, -20.0, -20.0
-1.9634798549625403, 2.171313492901672, 1.5420601688086348, -12.331810953082972, 6.344825729987456, -3.7182094269821415, -20.0, -20.0, -20.0
-1.9696531169418399, 2.17448017674154, 1.54011285632341, -12.361236964115639, 6.321909629485021, -4.071040513916627, -20.0, -20.0, -20.0
-1.9758410748336128, 2.177635405749719, 1.5379891022364123, -12.390594602976408, 6.299006403231303, -4.423975834074496, -20.0, -20.0, -20.0
-1.98204369419198, 2.180779190103394, 1.5356888483366238, -12.419882830491545, 6.276131011468455, -4.777039765079154, -20.0, -20.0, -20.0
-1.9882609400369338, 2.1839115474524418, 1.5332120241823304, -12.449100549323765, 6.2532983847215196, -5.130256852094737, -20.0, -20.0, -20.0
-1.9944927768245957, 2.1870325029044824, 1.5305585470153351, -12.478246601323827, 6.230523423440257, -5.483651815886271, -20.0, -20.0, -20.0
-2.0007391684161453, 2.190142089009748, 1.5277283216711584, -12.507319764873799, 6.207820997620978, -5.837249560820437, -20.0, -20.0, -20.0
-2.0070000780454187, 2.1932403457457537, 1.5247212404852541, -12.536318752219868, 6.185205946402643, -6.191075182796182, -20.0, -20.0, -20.0
-2.0132754682851717, 2.196327320501762, 1.5215371831952818, -12.565242206792453, 6.162693077631284, -6.54515397709367, -20.0, -20.0, -20.0
-2.0195653010119976, 2.1994030680630168, 1.518176016839476, -12.59408870051115, 6.14029716738656, -6.899511446129374, -20.0, -20.0, -20.0
-2.025869537369893, 2.2024676505947296, 1.5146375956511675, -12.622856731071908, 6.11803295946403, -7.254173307104285, -20.0, -20.0, -20.0
-2.0321881377324647, 2.205521137625797, 1.5109217609495087, -12.651544719213604, 6.095915164806403, -7.609165499531369, -20.0, -20.0, -20.0
-2.0385210616637583, 2.208563606032218, 1.5070283410264689, -12.680151005961005, 6.07395846087675, -7.964514192627488, -20.0, -20.0, -20.0
-2.044868267877709, 2.211595140020179, 1.5029571510301736, -12.70867384984087, 6.052177490966311, -8.320245792554035, -20.0, -20.0, -20.0
-2.0512297141961864, 2.214615831108778, 1.4987079928446627, -12.73711142406774, 6.03058686342915, -8.676386949489485, -20.0, -20.0, -20.0
-2.0576053575056275, 2.2176257781123443, 1.4942806549661614, -12.765461813695689, 6.009201150835552, -9.032964564515956, -20.0, -20.0, -20.0
-2.0639951537122343, 2.220625087122312, 1.4896749123759572, -12.79372301273211, 5.988034889035573, -9.390005796300665, -20.0, -20.0, -20.0
-2.07039905769572, 2.223613871488602, 1.484890526409994, -12.82189292120931, 5.967102576123743, -9.747538067551965, -20.0, -20.0, -20.0
-2.0768170232615746, 2.2265922518004566, 1.4799272446252991, -12.84996934220943, 5.9464186712953895, -10.105589071228204, -20.0, -20.0, -20.0
-2.0832490030918365, 2.229560355866677, 1.474784800663373, -12.877949978837961, 5.925997593584523, -10.464186776476307, -20.0, -20.0, -20.0
-2.0896949486943313, 2.232518318695191, 1.4694629141106852, -12.905832431140778, 5.905853720472652, -10.82335943427538, -20.0, -20.0, -20.0
-2.0961548103503564, 2.2354662824718985, 1.4639612903564265, -12.933614192959395, 5.886001386357289, -11.183135582759052, -20.0, -20.0, -20.0
-2.102628537060776, 2.238404396538705, 1.4582796204476896, -12.961292648718766, 5.866454880868225, -11.543544052188524, -20.0, -20.0, -20.0
-2.109116076490491, 2.241332817370677, 1.4524175809422557, -12.988865070141728, 5.847228447018974, -11.904613969546451, -20.0, -20.0, -20.0
-2.1156173749112472, 2.2442517085522264, 1.446374833759189, -13.016328612883793, 5.828336279180027, -12.266374762719815, -20.0, -20.0, -20.0
-2.1221323771427385, 2.2471612407522366, 1.4401510260274497, -13.043680313081733, 5.809792520859749, -12.628856164237893, -20.0, -20.0, -20.0
-2.128661026491961, 2.250061591698021, 1.433745789932758, -13.070917083809036, 5.791611262277923, -12.99208821452919, -20.0, -20.0, -20.0
-2.1352032646907713, 2.2529529461480196, 1.4271587425629608, -13.098035711431027, 5.773806537716012, -13.356101264658866, -20.0, -20.0, -20.0
-2.141759031831592, 2.2558354958631055, 1.4203894857521697, -13.125032851852085, 5.756392322627286, -13.720925978505704, -20.0, -20.0, -20.0
-2.148328266301217, 2.2587094395763847, 1.4134376059239595, -13.151905026647054, 5.7393825304889114, -14.086593334335017, -20.0, -20.0, -20.0
-2.154910904712646, 2.2615749829613514, 1.4063026739339455, -13.178648619068657, 5.722791009377052, -14.453134625721106, -20.0, -20.0, -20.0
-2.1615068818348937, 2.2644323385982568, 1.3989842449120726, -13.20525986992235, 5.706631538244866, -14.820581461769908, -20.0, -20.0, -20.0
-2.168116130520699, 2.2672817259385387, 1.3914818581049828, -13.231734873299754, 5.690917822882118, -15.188965766589357, -20.0, -20.0, -20.0
-2.1747385816320643, 2.2701233712671427, 1.3837950367188476, -13.258069572161489, 5.67566349153381, -15.558319777951644, -20.0, -20.0, -20.0
-2.181374163963545, 2.2729575076625648, 1.3759232877630876, -13.284259753759901, 5.6608820901539625, -15.928676045088098, -20.0, -20.0, -20.0
-2.1880228041632077, 2.2757843749544207, 1.3678661018954272, -13.310301044891913, 5.646587077269207, -16.300067425553706, -20.0, -20.0, -20.0
-2.1946844266511736, 2.2786042196783445, 1.3596229532687651, -13.336188906971916, 5.632791818425446, -16.672527081094387, -20.0, -20.0, -20.0
-2.201358953535645, 2.2814172950279983, 1.3511932993803801, -13.361918630914355, 5.619509580189238, -17.046088472446066, -20.0, -20.0, -20.0
-2.2080463045263277, 2.284223860803964, 1.342576580924021, -13.387485331815434, 5.606753523674002, -17.42078535299031, -20.0, -20.0, -20.0
-2.2147463968451375, 2.2870241833592724, 1.3337722216454768, -13.412883943423129, 5.594536697559413, -17.79665176118673, -20.0, -20.0, -20.0
-2.2214591451340895, 2.289818535541305, 1.3247796282022557, -13.438109212384488, 5.582872030570622, -18.17372201169763, -20.0, -20.0, -20.0
-2.22818446136025, 2.292607196629793, 1.3155981900280524, -13.463155692259065, 5.571772323382135, -18.552030685115536, -20.0, -20.0, -20.0
-2.234922254717637, 2.295390452270616, 1.3062272792027239, -13.488017737287189, 5.561250239909252, -18.93161261619889, -20.0, -20.0, -20.0
-2.241672431525934, 2.2981685944050803, 1.296666250328545, -13.512689495901684, 5.55131829794806, -19.312502880516018, -20.0, -20.0, -20.0
-2.2484348951259023, 2.300941921194348, 1.2869144404135682, -13.537164903971638, 5.541988859122934, -19.69473677939172, -20.0, -20.0, -20.0
-2.255209545771337, 2.3037107369386534, 1.276971168762959, -13.561437677766829, 5.533274118098444, -20.07834982304517, -20.0, -20.0, -20.0
-2.2619962805174363, 2.3064753519909305, 1.2668357368792473, -13.585501306631516, 5.525186091010477, -20.46337771180171, -20.0, -20.0, -20.0
-2.268794993105433, 2.3092360826644502, 1.256507428372483, -13.60934904535643, 5.517736603069175, -20.849856315255064, -20.0, -20.0, -20.0
-2.2756055738433316, 2.3119932511340386, 1.2459855088813567, -13.63297390623809, 5.5109372752841885, -21.23782164925009, -20.0, -20.0, -20.0
-2.2824279094825948, 2.314747185330425, 1.2352692260064069, -13.65636865081484, 5.504799510260479, -21.62730985054972, -20.0, -20.0, -20.0
-2.289261883090616, 2.3174982188272426, 1.2243578092565086, -13.67952578126948, 5.499334477010754, -22.018357149043222, -20.0, -20.0, -20.0
-2.2961073739188054, 2.3202466907201775, 1.2132504700099112, -13.702437531488862, 5.494553094728402, -22.4109998373462, -20.0, -20.0, -20.0
-2.3029642572661206, 2.322992945497725, 1.2019464014911656, -13.725095857771544, 5.490466015462693, -22.805274237636095, -20.0, -20.0, -20.0
-2.3098324043378575, 2.325737332903, 1.1904447787653665, -13.74749242917533, 5.487083605635863, -23.20121666556025, -20.0, -20.0, -20.0
-2.316711682099526, 2.328480207785994, 1.1787447587512145, -13.769618617497542, 5.48441592633976, -23.59886339104706, -20.0, -20.0, -20.0
-2.3236019531256207, 2.331221929945666, 1.1668454802544916, -13.791465486881963, 5.482472712347802, -23.998250595844258, -20.0, -20.0, -20.0
-2.330503075443103, 2.333962863961197, 1.15474606402363, -13.813023783047706, 5.481263349776302, -24.399414327602138, -20.0, -20.0, -20.0
-2.337414902369399, 2.336703379011723, 1.1424456128291511, -13.8342839221368, 5.480796852327662, -24.802390450313755, -20.0, -20.0, -20.0
-2.344337282344728, 2.3394438486838163, 1.129943211568843, -13.855235979178987, 5.481081836046629, -25.207214590918557, -20.0, -20.0, -20.0
-2.3512700587585664, 2.342184650765958, 1.1172379274006456, -13.875869676174242, 5.482126492519871, -25.613922081871134, -20.0, -20.0, -20.0
-2.3582130697700587, 2.3449261670292003, 1.1043288099053097, -13.89617436979574, 5.4839385604484, -26.02254789947256, -20.0, -20.0, -20.0
-2.3651661481221873, 2.347668782993193, 1.091214891281002, -13.916139038718566, 5.4865252955222035, -26.433126597758477, -20.0, -20.0, -20.0
-2.3721291209495123, 2.3504128876767054, 1.0778951865721285, -13.93575227058227, 5.489893438526695, -26.84569223773594, -20.0, -20.0, -20.0
-2.3791018095793075, 2.35315887333174, 1.0643686939347545, -13.955002248598577, 5.494049181611423, -27.260278311759908, -20.0, -20.0, -20.0
-2.386084029325912, 2.355907135160306, 1.0506343949411043, -13.973876737819072, 5.4989981326529955, -27.676917662841007, -20.0, -20.0, -20.0
-2.393075589278137, 2.3586580710128806, 1.0366912549257246, -13.992363071081641, 5.50474527764645, -28.095642398678258, -20.0, -20.0, -20.0
-2.400076292079572, 2.3614120810675576, 1.0225382233760012, -14.010448134658729, 5.511294941062429, -28.51648380021501, -20.0, -20.0, -20.0
-2.4070859337016453, 2.364169567488851, 1.0081742343698168, -14.028118353635294, 5.518650744111684, -28.93947222452287, -20.0, -20.0, -20.0
-2.4141043032093163, 2.366930934065095, 0.9935982070632291, -14.0453596770495, 5.526815560863661, -29.364637001827944, -20.0, -20.0, -20.0
-2.4211311825192876, 2.369696585823354, 0.9788090462311456, -14.062157562834935, 5.535791472172471, -29.792006326506183, -20.0, -20.0, -20.0
-2.4281663461506486, 2.37246692862074, 0.9638056428640465, -14.0784969626093, 5.545579717371459, -30.22160714189063, -20.0, -20.0, -20.0
-2.435209560967891, 2.37524236871101, 0.9485868748238855, -14.094362306361237, 5.556180643707105, -30.65346501875344, -20.0, -20.0, -20.0
-2.442260585916255, 2.3780233122853103, 0.9331516075623597, -14.109737487094174, 5.567593653494194, -31.087604027349848, -20.0, -20.0, -20.0
-2.4493191717494023, 2.3808101649859306, 0.9174986949047871, -14.124605845493827, 5.5798171489873685, -31.524046602940718, -20.0, -20.0, -20.0
-2.4563850607494495, 2.3836033313919223, 0.9016269799028657, -14.138950154694284, 5.592848474979373, -31.96281340474511, -20.0, -20.0, -20.0
-2.4634579864394297, 2.3864032144754557, 0.8855352957596007, -14.152752605226357, 5.606683859153829, -32.40392316831512, -20.0, -20.0, -20.0
-2.4705376732882964, 2.3892102150278043, 0.8692224668296786, -14.165994790241221, 5.6213183502403, -32.847392551372835, -20.0, -20.0, -20.0
-2.4776238364086347, 2.392024731053875, 0.8526873096985345, -14.178657691112045, 5.636745754042028, -33.293235973203835, -20.0, -20.0, -20.0
-2.484716181247294, 2.3948471571342433, 0.8359286343432925, -14.190721663526555, 5.652958567432088, -33.74146544776411, -20.0, -20.0, -20.0
-2.4918144032692244, 2.397677883753712, 0.8189452453786694, -14.202166424193882, 5.669947910442103, -34.192090410728184, -20.0, -20.0, -20.0
-2.498918187634848, 2.400517296595472, 0.8017359433907909, -14.2129710382999, 5.687703456599128, -34.64511754078586, -20.0, -20.0, -20.0
-2.506027208871387, 2.403365775800047, 0.7842995263616984, -14.223113907856115, 5.706213361701034, -35.10055057558408, -20.0, -20.0, -20.0
-2.5131411305386253, 2.4062236951882867, 0.7666347911871, -14.232572761098155, 5.725464191258746, -35.55839012280946, -20.0, -20.0, -20.0
-2.520259604889675, 2.4090914214478203, 0.7487405352896436, -14.241324643100667, 5.745440846875086, -36.01863346701624, -20.0, -20.0, -20.0
-2.527382272527397, 2.4119693132825075, 0.7306155583296585, -14.249345907785981, 5.766126491874692, -36.4812743729238, -20.0, -20.0, -20.0
-2.534508762057222, 2.414857720524613, 0.712258664014918, -14.256612211513731, 5.78750247654747, -36.94630288603837, -20.0, -20.0, -20.0
-2.5416386897372125, 2.4177569832096046, 0.69366866201051, -14.263098508447811, 5.809548263419119, -37.41370513159365, -20.0, -20.0, -20.0
-2.5487716591263005, 2.4206674306137135, 0.6748443699493726, -14.268779047905019, 5.832241353016204, -37.88346311295623, -20.0, -20.0, -20.0
-2.555907260731751, 2.4235893802546298, 0.6557846155434331, -14.273627373896304, 5.85555721064965, -38.35555451080142, -20.0, -20.0, -20.0
-2.563045071656994, 2.426523136855992, 0.6364882387945993, -14.277616327076261, 5.879469194798947, -38.8299524845343, -20.0, -20.0, -20.0
-2.5701846552510927, 2.4294689912766265, 0.616954094304064, -14.280718049319033, 5.903948487739105, -39.30662547760678, -20.0, -20.0, -20.0
-2.5773255607612073, 2.4324272194058394, 0.5971810536775214, -14.282903991138573, 5.928964029112775, -39.78553702856351, -20.0, -20.0, -20.0
-2.584467322989534, 2.43539808102642, 0.5771680080229217, -14.284144922167885, 5.954482453209949, -40.266645589835264, -20.0, -20.0, -20.0
-2.591609461956302, 2.4383818186474167, 0.5569138705363417, -14.284410944904755, 5.980468030776163, -40.74990435648496, -20.0, -20.0, -20.0
-2.5987514825705085, 2.4413786563091673, 0.5364175791703963, -14.283671511920254, 6.006882616225867, -41.23526110729652, -20.0, -20.0, -20.0
-2.605892874310166, 2.444388798363521, 0.5156780993783783, -14.28189544671021, 6.033685601189065, -41.72265806077581, -20.0, -20.0, -20.0
-2.6130331109139306, 2.4474124282326595, 0.4946944269259837, -14.279050968348447, 6.060833875364806, -42.2120317488025, -20.0, -20.0, -20.0
-2.620171650086036, 2.450449707150424, 0.4734655907610764, -14.275105720073377, 6.088281795692707, -42.70331291082674, -20.0, -20.0, -20.0
-2.6273079332165308, 2.4535007728905676, 0.45199065593045984, -14.270026801905923, 6.1159811648814895, -43.196426411639564, -20.0, -20.0, -20.0
-2.6344413851188464, 2.456565738486875, 0.4302687265310859, -14.263780807356333, 6.143881220349231, -43.69129118585628, -20.0, -20.0, -20.0
-2.641571413786743, 2.45964469095062, 0.4082989486815393, -14.25633386422992, 6.1719286346314695, -44.187820212329996, -20.0, -20.0, -20.0
-2.648697410172672, 2.4627376899913527, 0.38608051349801853, -14.247651679486726, 6.200067528298196, -44.68592052175321, -20.0, -20.0, -20.0
-2.6558187479895556, 2.465844766747524, 0.36361266005740495, -14.23769958804761, 6.2282394963867045, -45.18549324070118, -20.0, -20.0, -20.0
-2.66293478353791, 2.468965922533946, 0.3408946783284007, -14.226442605369103, 6.256383649302168, -45.686433675315804, -20.0, -20.0, -20.0
-2.6700448555601355, 2.4721011276135365, 0.3179259120501426, -14.213845483532028, 6.284436669059555, -46.1886314377167, -20.0, -20.0, -20.0
-2.6771482851236446, 2.475250320001211, 0.29470576153620076, -14.199872770504559, 6.312332881637356, -46.69197061805063, -20.0, -20.0, -20.0
-2.684244375534308, 2.4784134043081414, 0.2712336863804762, -14.184488872149851, 6.340004346084186, -47.196330004847646, -20.0, -20.0, -20.0
-2.691332412281459, 2.481590250634878, 0.24750920804025497, -14.167658116452555, 6.367380960862751, -47.70158335603713, -20.0, -20.0, -20.0
-2.6984116630154067, 2.4847806935220267, 0.22353191227059874, -14.149344819338546, 6.39439058773162, -48.20759972258783, -20.0, -20.0, -20.0
-2.705481377558081, 2.4879845309672732, 0.1993014513833839, -14.12951335135951, 6.420959193254184, -48.71424382627157, -20.0, -20.0, -20.0
-2.7125407879470234, 2.4912015235175335, 0.17481754630368782, -14.108128204410425, 6.447011007787296, -49.22137649251274, -20.0, -20.0, -20.0
-2.7195891085125123, 2.4944313934448656, 0.15007998839589032, -14.085154057545235, 6.472468701541542, -49.72885513867725, -20.0, -20.0, -20.0
-2.7266255359871128, 2.497673824014507, 0.1250886410318502, -14.060555840856415, 6.497253577023946, -50.23653431748323, -20.0, -20.0, -20.0
-2.7336492496463993, 2.5009284588529823, 0.09984344087385716, -14.034298796289857, 6.521285776876226, -50.74426631448887, -20.0, -20.0, -20.0
-2.7406594114790166, 2.5041949014236544, 0.07434439884577428, -14.006348534179988, 6.544484505812582, -51.251901797842656, -20.0, -20.0, -20.0
-2.747655166383615, 2.507472714616369, 0.04859160076689294, -13.976671084213514, 6.566768265046225, -51.759290517682714, -20.0, -20.0, -20.0
-2.754635642389535, 2.5107614204569506, 0.022585207624532037, -13.9452329394661, 6.588055097280365, -52.26628205176089, -20.0, -20.0, -20.0
-2.761599950897428, 2.5140604999412792, -0.003674544536674186, -13.912001092106486, 6.6082628400344126, -52.772726593064, -20.0, -20.0, -20.0
-2.7685471869352867, 2.5173693929974847, -0.030187345128547552, -13.876943059328957, 6.627309384787648, -53.27847577442947, -20.0, -20.0, -20.0
-2.7754764294246335, 2.5206874985784715, -0.05695280995326188, -13.840026898058913, 6.645112939158562, -53.783383524427855, -20.0, -20.0, -20.0
-2.782386741450893, 2.524014174885538, -0.08397048257140223, -13.801221206978417, 6.661592289106403, -54.28730694813355, -20.0, -20.0, -20.0
-2.789277170531247, 2.527348739722302, -0.11123983611489786, -13.760495114439138, 6.676667057949676, -54.79010722584897, -20.0, -20.0, -20.0
-2.796146748872574, 2.530690470976502, -0.13876027555196233, -13.717818250868625, 6.690257958851148, -55.29165052240885, -20.0, -20.0, -20.0
-2.802994493611374, 2.5340386072255465, -0.16653114040741163, -13.67316070433096, 6.702287037326022, -55.79180889938837, -20.0, -20.0, -20.0
-2.80981940702695, 2.537392348459951, -0.19455170793785587, -13.626492957972529, 6.7126779002935235, -56.29046122238861, -20.0, -20.0, -20.0
-2.8166204767184846, 2.5407508569170782, -0.22282119675734988, -13.577785808164997, 6.721355928214815, -56.787494055587395, -20.0, -20.0, -20.0
-2.8233966757360878, 2.5441132580158676, -0.2513387709052297, -13.527010262247048, 6.728248466942628, -57.28280253593184, -20.0, -20.0, -20.0
-2.8301469626553644, 2.5474786413816157, -0.28010354434414103, -13.47413741485943, 6.733284996048877, -57.776291219713364, -20.0, -20.0, -20.0
-2.836870281584569, 2.5508460619482762, -0.30911458587277085, -13.419138301959709, 6.736397270592433, -58.26787489480602, -20.0, -20.0, -20.0
-2.8435655620929814, 2.554214541124308, -0.3383709244346116, -13.361983731688115, 6.737519433534706, -58.757479352556935, -20.0, -20.0, -20.0
-2.8502317190487356, 2.557583068006766, -0.36787155480129635, -13.30264409132819, 6.736588096298303, -59.245042114182084, -20.0, -20.0, -20.0
-2.8568676523539827, 2.560950600627162, -0.3976154436067232, -13.241089129659567, 6.733542385284696, -59.73051310752526, -20.0, -20.0, -20.0
-2.8634722465649047, 2.5643160672116103, -0.42760153570639514, -13.177287714028767, 6.7283239525100225, -60.21385529116266, -20.0, -20.0, -20.0
-2.8700443703837775, 2.567678367436956, -0.4578287608352001, -13.111207561461343, 6.7208769488722515, -60.69504522405707, -20.0, -20.0, -20.0
-2.8765828760099175, 2.571036373663903, -0.4882960405362792, -13.042814943098819, 6.7111479589156025, -61.17407358025928, -20.0, -20.0, -20.0
-2.8830865983359826, 2.574388932127706, -0.5190022953337176, -12.972074361160793, 6.69908589629682, -61.650945609494194, -20.0, -20.0, -20.0
-2.889554353975648, 2.5777348640666475, -0.5499464521225487, -12.89894819750078, 6.684641859470028, -62.12568154583016, -20.0, -20.0, -20.0
-2.8959849401081827, 2.5810729667683603, -0.5811274517510033, -12.823396332638106, 6.667768947380499, -62.598316967988545, -20.0, -20.0, -20.0
-2.902377133124818, 2.584402014514001, -0.6125442567720467, -12.745375733902513, 6.648422035181415, -63.06890311618519, -20.0, -20.0, -20.0
-2.9087296870610477, 2.587720759400334, -0.6441958593440154, -12.664840011017477, 6.626557510151258, -63.53750717168928, -20.0, -20.0, -20.0
-2.915041331798069, 2.591027932019893, -0.6760812892635689, -12.581738937067549, 6.602132968083799, -64.00421250652496, -20.0, -20.0, -20.0
-2.9213107710154205, 2.5943222419795235, -0.7081996221181799, -12.496017932338331, 6.575106870439668, -64.46911891191911, -20.0, -20.0, -20.0
-2.9275366798755, 2.5976023782377538, -0.7405499875499627, -12.407617507978886, 6.545438162481516, -64.93234281521227, -20.0, -20.0, -20.0
-2.9337177024189467, 2.6008670092414885, -0.7731315776277665, -12.31647266580819, 6.513085852457922, -65.39401749600319, -20.0, -20.0, -20.0
-2.939852448647864, 2.6041147828425153, -0.8059436553300919, -12.222512249861243, 6.478008551649553, -65.8542933132984, -20.0, -20.0, -20.0
-2.9459394912714383, 2.6073443259741125, -0.8389855631475174, -12.125658244436554, 6.440163974740027, -66.31333795640319, -20.0, -20.0, -20.0
-2.9519773620856604, 2.610554244067677, -0.8722567318199279, -12.025825012452852, 6.399508399519136, -66.77133673323881, -20.0, -20.0, -20.0
-2.9579645479554824, 2.613743120188648, -0.9057566892309199, -11.922918466834243, 6.355996084362594, -67.22849291072929, -20.0, -20.0, -20.0
-2.9638994863637915, 2.6169095138700524, -0.9394850694893271, -11.816835166402143, 6.309578641254958, -67.68502812289938, -20.0, -20.0, -20.0
-2.9697805604869765, 2.6200519596206973, -0.9734416222359021, -11.70746132633785, 6.260204361323596, -68.14118286340079, -20.0, -20.0, -20.0
-2.9756060937514777, 2.623168965083259, -1.0076262222218457, -11.594671731666505, 6.207817488922978, -68.59721708037367, -20.0, -20.0, -20.0
-2.9813743438194873, 2.6262590088152993, -1.0420388792151645, -11.478328540371635, 6.152357439238913, -69.05341089290165, -20.0, -20.0, -20.0
-2.9870834959447414, 2.6293205376633986, -1.076679748300859, -11.358279960644861, 6.093757953157587, -69.5100654498761, -20.0, -20.0, -20.0
-2.9927316556309944, 2.6323519636971247, -1.1115491406518034, -11.23435878436758, 6.031946181747047, -69.9675039539019, -20.0, -20.0, -20.0
-2.9983168405161273, 2.6353516606653384, -1.1466475348590301, -11.106380756164983, 5.966841691108085, -70.42607287500532, -20.0, -20.0, -20.0
-3.003836971393723, 2.638317959932251, -1.1819755889231314, -10.974142754216803, 5.898355376542281, -70.88614338139922, -20.0, -20.0, -20.0
-3.009289862271127, 2.6412491458446183, -1.2175341530228507, -10.83742075539811, 5.826388272928609, -71.34811301747796, -20.0, -20.0, -20.0
-3.014673209348276, 2.6441434504743166, -1.2533242831928715, -10.695967553199136, 5.7508302458641705, -71.81240766260477, -20.0, -20.0, -20.0
-3.0199845787846202, 2.6469990476721517, -1.2893472560605634, -10.54951019217742, 5.671558545475108, -72.27948380816308, -20.0, -20.0, -20.0
-3.025221393102009, 2.649814046358972, -1.3256045848113038, -10.39774707737654, 5.588436201806142, -72.74983119479813, -20.0, -20.0, -20.0
-3.0303809160491446, 2.6525864829687538, -1.3620980365741984, -10.240344711166818, 5.501310237321224, -73.22397585677966, -20.0, -20.0, -20.0
-3.035460235727766, 2.6553143129451526, -1.3988296514448744, -10.076934003318497, 5.410009668273802, -73.70248362592457, -20.0, -20.0, -20.0
-3.0404562457518094, 2.657995401177855, -1.4358017633897089, -9.907106092855367, 5.314343262534958, -74.18596415341321, -20.0, -20.0, -20.0
-3.0453656241781477, 2.660627511247724, -1.4730170233065307, -9.730407612497432, 5.214097016941438, -74.67507551387457, -20.0, -20.0, -20.0
-3.050184809910916, 2.663208293330072, -1.51047842455047, -9.546335318575665, 5.109031312449428, -75.17052946188272, -20.0, -20.0, -20.0
-3.05490997624099, 2.665735270583326, -1.548189331269887, -9.354330001721046, 4.998877700567312, -75.67309741578408, -20.0, -20.0, -20.0
-3.0595370011382457, 2.6682058238259874, -1.5861535099354358, -9.153769587300953, 4.883335270077804, -76.18361724641157, -20.0, -20.0, -20.0
-3.0640614338678183, 2.670617174278408, -1.6243751644837656, -8.94396133098957, 4.762066539605005, -76.70300094690758, -20.0, -20.0, -20.0
-3.0684784574546664, 2.6729663641183636, -1.6628589755334258, -8.724133016403607, 4.634692820217293, -77.23224325173317, -20.0, -20.0, -20.0
-3.0727828464768088, 2.6752502345720974, -1.7016101441597622, -8.49342307216648, 4.500788994718472, -77.77243125361274, -20.0, -20.0, -20.0
-3.0769689196325776, 2.6774654012381025, -1.7406344407306662, -8.250869550908178, 4.359877669302414, -78.3247550300037, -20.0, -20.0, -20.0
-3.081030486510678, 2.679608226323698, -1.7799382592945827, -7.995397961493148, 4.211422673078835, -78.89051922566206, -20.0, -20.0, -20.0
-3.084960788008984, 2.681674787471502, -1.8195286779585034, -7.725808031730779, 4.054821918136202, -79.4711554300205, -20.0, -20.0, -20.0
-3.08875242992248, 2.6836608428753266, -1.8594135255698259, -7.440759622251524, 3.8893996971629856, -80.0682350152696, -20.0, -20.0, -20.0
-3.0923973093888253, 2.685561792450104, -1.8996014547813793, -7.13875824313014, 3.7143986019475213, -80.68348183094437, -20.0, -20.0, -20.0
-3.0958865341963118, 2.687372634954585, -1.9401020211734152, -6.818140986815971, 3.528971415975372, -81.31878373719947, -20.0, -20.0, -20.0
-3.0992103355044858, 2.6890879212083076, -1.9809257674420089, -6.4770642458791485, 3.332173598916882, -81.97620133717527, -20.0, -20.0, -20.0
-3.102357975420154, 2.6907017039538315, -2.022084310614315, -6.11349541679366, 3.1229573831786985, -82.657971352049, -20.0, -20.0, -20.0
-3.105317652277183, 2.69220748557456, -2.0635904286425513, -5.725212011322271, 2.9001690997344785, -83.3665007608951, -20.0, -20.0, -20.0
-3.108076408613535, 2.6935981659021806, -2.1054581403272974, -5.309813334086525, 2.6625522107476938, -84.10434597809014, -20.0, -20.0, -20.0
-3.110620050012337, 2.694865993884638, -2.147702769036427, -4.8647522611208585, 2.4087597190826107, -84.87416885842836, -20.0, -20.0, -20.0
-3.1129330875071703, 2.696002529111316, -2.190340975799664, -4.387397718212497, 2.1373811876297713, -85.67865819451968, -20.0, -20.0, -20.0
-3.114998722446471, 2.6969986222760665, -2.233390740810406, -3.8751420389897224, 1.846991471371646, -86.52040184844712, -20.0, -20.0, -20.0
-3.1167989006612062, 2.6978444276800517, -2.2768712641556093, -3.325570819950894, 1.53623014456958, -87.40169153236604, -20.0, -20.0, -20.0
-3.118314472016043, 2.6985294656522716, -2.3208027473653052, -2.736714599395601, 1.2039217443100116, -88.32424130641736, -20.0, -20.0, -20.0
-3.1195255003238263, 2.6990427575557407, -2.36520600904078, -2.1073986317377993, 0.8492458695664363, -89.28880539548115, -20.0, -20.0, -20.0
-3.1204117735874446, 2.6993730591435905, -2.41010188437829, -1.4376944227348094, 0.471960481832601, -90.29469595455956, -20.0, -20.0, -20.0
-3.12095355939899, 2.6995092163882384, -2.455510366519796, -0.7294488234470679, 0.07266849675822168, -91.33923261146363, -20.0, -20.0, -20.0
-3.121132626631498, 2.6994406572706735, -2.5014494760495785, 0.013179893414463018, -0.3469049670175497, -92.41720550766605, -20.0, -20.0, -20.0
-3.1209335046059525, 2.6991580093035044, -2.5479339009420343, 0.7833082087674659, -0.7836869016584997, -93.52049406215804, -20.0, -20.0, -20.0
-3.1203448745404563, 2.698653795178248, -2.59497353144974, 1.5712120532181508, -1.2331695993670904, -94.6380279686662, -20.0, -20.0, -20.0
-3.1193609014969383, 2.6979231152604974, -2.642572103660192, 2.3646801208537918, -1.6895500716349499, -95.75626087314106, -20.0, -20.0, -20.0
-3.1179822542824045, 2.6969641931459116, -2.6907262223263824, 3.1499087372812222, -2.146138386708828, -96.86021379162055, -20.0, -20.0, -20.0
-3.1162165694272455, 2.695778661026992, -2.7394250129681046, 3.912830683355825, -2.5959900889697036, -97.93494877526754, -20.0, -20.0, -20.0
-3.114078215432119, 2.6943715073190484, -2.788650535808407, 4.6405852971510715, -3.032624742804109, -98.96714258594284, -20.0, -20.0, -20.0
-3.1115873790946287, 2.692750688715604, -2.83837891242806, 5.322760052809516, -3.4506496709735313, -99.94636389266788, -20.0, -20.0, -20.0
-3.1087686588138164, 2.6909264899465537, -2.8885819453369277, 5.952121070440067, -3.8461454052272726, -100.86576774280358, -20.0, -20.0, -20.0
-3.105649441451048, 2.6889107626299893, -2.9392289227404413, 6.524748380634531, -4.216763861029692, -101.72214187125103, -20.0, -20.0, -20.0
-3.102258333363519, 2.6867161753805004, -2.9902883188454163, 7.039683969481302, -4.5615851369256015, -102.51544254864977, -20.0, -20.0, -20.0
-3.098623837445055, 2.6843555715343457, -3.041729193042206, 7.498299704374085, -4.88083024769369, -103.24805423850766, -20.0, -20.0, -20.0
-3.0947733653623573, 2.6818414818655474, -3.093522204959442, 7.903588626416737, -5.175528427499247, -103.92399343043697, -20.0, -20.0, -20.0
-3.0907325881206176, 2.6791857975100335, -3.1456402541273745, 8.25952034054111, -5.447208994557121, -104.54820324129382, -20.0, -20.0, -20.0
-3.0865250759217697, 2.6763995820149673, -3.198058806173158, 8.570528454851036, -5.697652985707007, -105.12600494183992, -20.0, -20.0, -20.0
-3.0821721579947456, 2.673492990533971, -3.2507559859615265, 8.84114325324538, -5.928712938279419, -105.6627142116345, -20.0, -20.0, -20.0
-3.077692934096606, 2.6704752638321136, -3.303712514224139, 9.075752339312292, -6.142193869149988, -106.16339883881452, -20.0, -20.0, -20.0
-3.073104380854801, 2.667354769755447, -3.3569115499569313, 9.278460627908276, -6.3397824375173535, -106.63274409235589, -20.0, -20.0, -20.0
-3.068421510470603, 2.6641390714510536, -3.4103384842761613, 9.453020908883339, -6.5230107800555555, -107.07499318456435, -20.0, -20.0, -20.0
-3.063657552490757, 2.6608350078670258, -3.4639807166487193, 9.60281101049932, -6.693243556055845, -107.49393630566715, -20.0, -20.0, -20.0
-3.058824139837752, 2.65744877710531, -3.5178274329007255, 9.73083960152188, -6.851679490807093, -107.89292870235737, -20.0, -20.0, -20.0
-3.0539314879089474, 2.6539860169176026, -3.571869396174846, 9.839768113695753, -6.999361260022421, -108.2749243941242, -20.0, -20.0, -20.0
-3.0489885607444904, 2.650451879203185, -3.6260987564820373, 9.931940544133026, -7.137189597649253, -108.64251683464201, -20.0, -20.0, -20.0
-3.0440032216103523, 2.6468510970526444, -3.6805088809862854, 10.009415992419571, -7.265939004512519, -108.99798118235098, -20.0, -20.0, -20.0
-3.038982367386392, 2.64318804393368, -3.735094205058836, 10.074000903421494, -7.38627347134485, -109.34331510785012, -20.0, -20.0, -20.0
-3.0339320473178537, 2.639466785236195, -3.789850102967462, 10.12727937073086, -7.498761318596298, -109.68027652665434, -20.0, -20.0, -20.0
-3.0288575672938873, 2.6356911227320734, -3.8447727764869786, 10.170640725134838, -7.603888697889955, -110.01041755141199, -20.0, -20.0, -20.0
-3.023763581073657, 2.6318646326638455, -3.8998591594984986, 10.205304155787061, -7.702071575020805, -110.33511449466862, -20.0, -20.0, -20.0
-3.018654169932205, 2.6279906982253105, -3.9551068366355935, 10.232340410020537, -7.793666179119436, -110.65559405371044, -20.0, -20.0, -20.0
-3.013532912136157, 2.624072537181422, -4.01051397413956, 10.252690774171121, -7.878977996435336, -110.97295596215343, -20.0, -20.0, -20.0
-3.00840294354069, 2.620113225323201, -4.066079261244384, 10.267183607696593, -7.958269436449779, -111.2881924571409, -20.0, -20.0, -20.0
-3.003267010458238, 2.616115716384122, -4.121801860589539, 10.276548722110325, -8.031766319865044, -111.60220492347875, -20.0, -20.0, -20.0
-2.998127515805844, 2.612082858968298, -4.1776813663353884, 10.281429887465642, -8.099663343432256, -111.91581805992102, -20.0, -20.0, -20.0
-2.992986559402401, 2.608017410964307, -4.233717768820912, 10.282395726306783, -8.16212867253107, -112.22979188217491, -20.0, -20.0, -20.0
-2.9878459731641986, 2.60392205184536, -4.289911424751536, 10.279949226502909, -8.219307803257161, -112.54483184032229, -20.0, -20.0, -20.0
-2.9827073518388265, 2.599799393188493, -4.346263032034111, 10.27453607498532, -8.27132682421085, -112.86159728997778, -20.0, -20.0, -20.0
-2.9775720798234135, 2.5956519876834725, -4.4027736084864, 10.266551986665858, -8.318295195870455, -113.18070851917714, -20.0, -20.0, -20.0
-2.9724413545322683, 2.5914823368461617, -4.4594444737406915, 10.256349177915174, -8.360308153373325, -113.50275249798993, -20.0, -20.0, -20.0
-2.9673162067097127, 2.5872928976009963, -4.51627723373662, 10.244242112307383, -8.397448827288011, -113.82828748572517, -20.0, -20.0, -20.0
-2.9621975180246802, 2.5830860878524655, -4.5732737672584305, 10.230512627822137, -8.429790166834785, -114.15784660151786, -20.0, -20.0, -20.0
-2.9570860362329676, 2.578864291125482, -4.630436214018322, 10.215414539028188, -8.457396741099169, -114.49194043804825, -20.0, -20.0, -20.0
-2.951982388149576, 2.5746298603186966, -4.687766963821615, 10.199177794538093, -8.480326486043753, -114.831058775127, -20.0, -20.0, -20.0
-2.9468870906362485, 2.5703851205825843, -4.745268646372874, 10.18201225877258, -8.498632458405893, -115.17567142990535, -20.0, -20.0, -20.0
-2.9418005597772146, 2.566132371305076, -4.802944121296272, 10.164111177363232, -8.512364651626452, -115.52622826368786, -20.0, -20.0, -20.0
-2.936723118388639, 2.561873887161306, -4.860796467950206, 10.145654376937912, -8.521571923453077, -115.88315835205144, -20.0, -20.0, -20.0
-2.931655001983856, 2.557611918160597, -4.918828974617149, 10.12681124219432, -8.526304079382724, -116.24686831571907, -20.0, -20.0, -20.0
-2.9265963632968743, 2.5533486886032133, -4.977045126647363, 10.10774350573095, -8.526614150152547, -116.61773980513604, -20.0, -20.0, -20.0
-2.9215472754507488, 2.5490863948420546, -5.035448593131875, 10.088607878771594, -8.5225608944823, -116.9961261329122, -20.0, -20.0, -20.0
-2.9165077338451963, 2.5448272017310387, -5.0940432116792005, 10.069558543438001, -8.514211549581326, -117.38234805639155, -20.0, -20.0, -20.0
-2.911477656829485, 2.54057323763342, -5.152832970875525, 10.050749519406118, -8.501644840895153, -117.77668872890546, -20.0, -20.0, -20.0
-2.906456885222254, 2.536326587861062, -5.211821990023776, 10.032336909517523, -8.484954248536397, -118.17938786410184, -20.0, -20.0, -20.0
-2.901445180739821, 2.532089286421359, -5.27101449578838, 10.014481020213974, -8.464251510275075, -118.59063519431423, -20.0, -20.0, -20.0
-2.8964422233988496, 2.5278633059639115, -5.330414795424961, 9.997348343671908, -8.439670319515974, -119.01056335200802, -20.0, -20.0, -20.0
-2.8914476079680376, 2.5236505458461878, -5.390027246353689, 9.98111337957571, -8.411370151379655, -119.43924036290467, -20.0, -20.0, -20.0
-2.8864608395566065, 2.5194528182780003, -5.449856221946715, 9.965960266148658, -8.379540121369772, -119.8766620091968, -20.0, -20.0, -20.0
-2.8814813284442766, 2.5152718325600567, -5.509906073548612, 9.952084183171062, -8.34440275040387, -120.32274439839162, -20.0, -20.0, -20.0
-2.876508384277156, 2.5111091775026226, -5.570181088936379, 9.939692485310156, -8.306217479331593, -120.77731715267865, -20.0, -20.0, -20.0
-2.8715412097749766, 2.506966302195652, -5.630685447651503, 9.929005523408618, -8.265283748551017, -121.24011770781935, -20.0, -20.0, -20.0
-2.8665788941151877, 2.502844495399022, -5.691423173895842, 9.920257115746107, -8.221943437968282, -121.71078726953613, -20.0, -20.0, -20.0
-2.861620406175774, 2.4987448639260275, -5.752398087965111, 9.91369464190801, -8.17658245400896, -122.18886900754146, -20.0, -20.0, -20.0
-2.8566645878278942, 2.4946683104978917, -5.8136137574820825, 9.909578749611887, -8.1296312585344, -122.67380906034299, -20.0, -20.0, -20.0
-2.85171014746803, 2.4906155116423583, -5.87507344996383, 9.9081826898456, -8.081564163600222, -123.16496086664623, -20.0, -20.0, -20.0
-2.846755653963763, 2.4865868962842814, -5.936780088486502, 9.909791327222903, -8.03289726870757, -123.66159322404141, -20.0, -20.0, -20.0
-2.8417995311547797, 2.482582625718694, -5.998736212367874, 9.914699908710771, -7.984184993641376, -124.162902301442, -20.0, -20.0, -20.0
-2.8368400529996376, 2.4786025756560734, -6.060943944844648, 9.923212711858005, -7.936015256841607, -124.66802760565496, -20.0, -20.0, -20.0
-2.831875339389295, 2.4746463209770098, -6.123404969656391, 9.935641729512302, -7.889003459413807, -125.17607164131778, -20.0, -20.0, -20.0
-2.8269033525625304, 2.4707131237251927, -6.186120518249964, 9.952305577545177, -7.84378554785431, -125.68612273297437, -20.0, -20.0, -20.0
-2.821921893960277, 2.466801924705311, -6.2490913689907455, 9.973528831468442, -7.801010531672731, -126.19728023015311, -20.0, -20.0, -20.0
-2.816928601251322, 2.462911338844274, -6.312317859329338, 9.999642004351937, -7.761332912473847, -126.7086811242162, -20.0, -20.0, -20.0
-2.8119209451573997, 2.4590396542341515, -6.375799911359958, 10.030982371338032, -7.7254055280169025, -127.21952699826404, -20.0, -20.0, -20.0
-2.8068962256078787, 2.4551848345216505, -6.4395370706663195, 10.067895826746057, -7.6938733219880175, -127.72911022718327, -20.0, -20.0, -20.0
-2.801851566668213, 2.451344524061843, -6.503528557835271, 10.1107399319176, -7.667368517241939, -128.2368384486222, -20.0, -20.0, -20.0
-2.79678390961501, 2.447516055031831, -6.56777333157908, 10.159888280894263, -7.646507602805618, -128.74225652661246, -20.0, -20.0, -20.0
-2.7916900034740695, 2.4436964555176517, -6.63227016208669, 10.215736282867269, -7.6318904539116845, -129.24506550383038, -20.0, -20.0, -20.0
-2.786566392293102, 2.439882457453202, -6.697017713051051, 10.278708441002426, -7.624101803887298, -129.74513835361316, -20.0, -20.0, -20.0
-2.781409398382478, 2.4360705032043004, -6.762014630805398, 10.349267201492923, -7.623715191717691, -130.2425326637754, -20.0, -20.0, -20.0
-2.7762151007177307, 2.432256749548198, -6.82725963914117, 10.427923457496492, -7.631299432692468, -130.7375006793125, -20.0, -20.0, -20.0
-2.770979307648152, 2.4284370677871783, -6.89275163865505, 10.515248820819401, -7.6474276113857975, -131.23049737620946, -20.0, -20.0, -20.0
-2.765697522988329, 2.424607038738948, -6.958489809853954, 10.611889818472793, -7.672688581535216, -131.72218741940594, -20.0, -20.0, -20.0
-2.760364904476709, 2.420761941349362, -7.024473719701086, 10.71858422800584, -7.707700976807952, -132.21345196912281, -20.0, -20.0, -20.0
-2.7549762134624958, 2.416896733658556, -7.090703431778868, 10.836179828847985, -7.753129786416926, -132.7053963420052, -20.0, -20.0, -20.0
-2.7495257545283924, 2.4130060248062732, -7.157179620741679, 10.965655907564743, -7.809705622713668, -133.19935950923823, -20.0, -20.0, -20.0
-2.744007303576833, 2.4090840366773536, -7.223903692199248, 11.108147898673508, -7.878246892965168, -133.69692632104105, -20.0, -20.0, -20.0
-2.738414022715488, 2.405124553662102, -7.29087790957263, 11.26497554670655, -7.959685168040294, -134.1999431724843, -20.0, -20.0, -20.0
-2.7327383601031934, 2.4011208588471282, -7.3581055297497375, 11.437674902471578, -8.055094091854798, -134.7105375359454, -20.0, -20.0, -20.0
-2.7269719328135027, 2.397065654784665, -7.425590949462566, 11.628034256291215, -8.165722157997742, -135.23114131536957, -20.0, -20.0, -20.0
-2.7211053908331646, 2.392950966862532, -7.493339864094829, 11.83813366506086, -8.293029530534628, -135.76451721368477, -20.0, -20.0, -20.0
-2.715128260693904, 2.388768027304557, -7.5613594399144874, 12.070386891982976, -8.438728701366589, -136.31378606494866, -20.0, -20.0, -20.0
-2.7090287681941057, 2.3845071381312763, -7.629658499203215, 12.327583107210103, -8.60482799175684, -136.88245108995991, -20.0, -20.0, -20.0
-2.7027936416069807, 2.3801575122667664, -7.698247714949012, 12.61292324129, -8.793675466282853, -137.47441189323007, -20.0, -20.0, -20.0
-2.6964079003060966, 2.375707093809208, -7.767139806977333, 12.930041962245562, -9.00799836394956, -138.09395622005243, -20.0, -20.0, -20.0
-2.68985463974031, 2.3711423619233014, -7.836349723655428, 13.283000300900076, -9.250929179676934, -138.7457104923274, -20.0, -20.0, -20.0
-2.683114833281509, 2.366448128743358, -7.905894781440063, 13.676225534303928, -9.526003540096612, -139.43452064620968, -20.0, -20.0, -20.0
-2.6761671858330778, 2.3616073511644036, -7.975794717461634, 14.114364259421045, -9.83710677572099, -140.16522344007353, -20.0, -20.0, -20.0
-2.668988093861336, 2.356600990381296, -8.046071587849834, 14.60200362754587, -10.188336356708925, -140.94225811272707, -20.0, -20.0, -20.0
-2.6615517904273815, 2.351407971482748, -8.116749418978378, 15.143210108273216, -10.583739237481637, -141.76906640145063, -20.0, -20.0, -20.0
-2.6538307763042948, 2.3460053156859213, -8.187853497927076, 15.740846384073688, -11.026883949824535, -142.6472493933453, -20.0, -20.0, -20.0
-2.64579664661076, 2.3403685323240935, -8.259409188280182, 16.395672390066338, -11.520249497485917, -143.57551201908228, -20.0, -20.0, -20.0
-2.637421395557849, 2.334472352220316, -8.331440202529159, 17.10533182157723, -12.064470917624462, -144.54854497682263, -20.0, -20.0, -20.0
-2.628679196669861, 2.328291840119122, -8.403966377229954, 17.863463730374868, -12.657577487151435, -145.55615382636074, -20.0, -20.0, -20.0
-2.6195485052932987, 2.321803829918385, -8.47700118277346, 18.65930177587353, -13.294463315795394, -146.58306834765946, -20.0, -20.0, -20.0
-2.6100141501151586, 2.3149884972733865, -8.550549404360355, 19.478118936687117, -13.96686726419927, -147.60981799992442, -20.0, -20.0, -20.0
-2.600068958271785, 2.3078307729430985, -8.624605545322197, 20.302648436808045, -14.66403005695231, -148.61474584744408, -20.0, -20.0, -20.0
-2.589714493074033, 2.3003212794659693, -8.699153417728528, 21.11521235419937, -15.373943851564823, -149.57674377788055, -20.0, -20.0, -20.0
-2.578960702563128, 2.2924565815332274, -8.774167084183144, 21.89994968941965, -16.08484787940335, -150.4779220405823, -20.0, -20.0, -20.0
-2.567824590633647, 2.2842387370171418, -8.849612927108994, 22.644498028502948, -16.786530184939277, -151.305449662819, -20.0, -20.0, -20.0
-2.5563282742744327, 2.275674323007246, -8.925452339877035, 23.340767408355667, -17.471125854643656, -152.05220140934543, -20.0, -20.0, -20.0
-2.5444968734194626, 2.2667732053282847, -9.001644473466122, 23.984836011525, -18.133344861200623, -152.71633294700442, -20.0, -20.0, -20.0
-2.532356599565268, 2.2575473043825722, -9.078148606471103, 24.57625940525284, -18.77025892164926, -153.3001990729185, -20.0, -20.0, -20.0
-2.5199332496398665, 2.2480095270438856, -9.154925921320807, 25.117140296354158, -19.380850433097798, -153.8090603258921, -20.0, -20.0, -20.0
-2.5072511593718274, 2.238172939429229, -9.23194065935539, 25.611220775802394, -19.965500025527888, -154.2498918124361, -20.0, -20.0, -20.0
-2.4943325703169696, 2.2280501838575777, -9.30916074338592, 26.063135443628013, -20.525522261077576, -154.63044430968955, -20.0, -20.0, -20.0
-2.4811973201549695, 2.2176531041854726, -9.38655800087429, 26.477865204372616, -21.062796427342523, -154.9585856437883, -20.0, -20.0, -20.0
-2.4678627600714775, 2.206992530458158, -9.464108118606342, 26.860375129595468, -21.57949848191654, -155.24188528442045, -20.0, -20.0, -20.0
-2.454343816911586, 2.1960781757873775, -9.541790435684371, 27.215397509971076, -22.077920201205092, -155.48738302769465, -20.0, -20.0, -20.0
-2.440653137800756, 2.1849186068796023, -9.619587652517207, 27.547318933349107, -22.560355429896315, -155.7014843036497, -20.0, -20.0, -20.0
-2.4268012738884757, 2.173521259444428, -9.697485507540412, 27.860136715772175, -23.02903431080021, -155.88993578916555, -20.0, -20.0, -20.0
-2.4127968750282323, 2.1618924783456968, -9.775472453421072, 28.157458725201067, -23.486090084124967, -156.05784773347705, -20.0, -20.0, -20.0
-2.398646878205704, 2.1500375690348985, -9.853539350439394, 28.442528564912084, -23.933547159067977, -156.2097403398145, -20.0, -20.0, -20.0
-2.3843566799993385, 2.137960851568833, -9.931679185474131, 28.718264260550164, -24.373322705194475, -156.34959979913012, -20.0, -20.0, -20.0
-2.369930288181035, 2.1256657117115085, -10.009886819257751, 28.987303012664015, -24.807236724103433, -156.4809353353487, -20.0, -20.0, -20.0
-2.3553704505356836, 2.113154645656902, -10.088158761199955, 29.252047568741283, -25.237027494322202, -156.60683243346554, -20.0, -20.0, -20.0
-2.3406787607129407, 2.100429296135763, -10.166492969265988, 29.51471172222987, -25.664370590233318, -156.72999983066978, -20.0, -20.0, -20.0
-2.3258557418597654, 2.0874904783566306, -10.244888671549452, 29.777363690471415, -26.090900526296306, -156.85280930318513, -20.0, -20.0, -20.0
-2.3109009092108748, 2.074338194571486, -10.32334620590187, 30.041966905091858, -26.518234614281685, -156.97732810648833, -20.0, -20.0, -20.0
-2.295812812925229, 2.060971636179188, -10.40186687401689, 30.310418237490712, -26.94799895491103, -157.10534435358923, -20.0, -20.0, -20.0
-2.2805890623682066, 2.0473891722661546, -10.480452806555586, 30.58458399059893, -27.381856697223036, -157.23838580119988, -20.0, -20.0, -20.0
-2.2652263328237403, 2.033588323380555, -10.559106836146354, 30.86633418726695, -27.821538845174004, -157.3777325618725, -20.0, -20.0, -20.0
-2.249720355321843, 2.019565719167236, -10.637832375347408, 31.157575820321405, -28.26887800810237, -157.52442424233996, -20.0, -20.0, -20.0
-2.234065889909677, 2.0053170382646277, -10.716633296901204, 31.46028582834336, -28.72584560233066, -157.67926197284743, -20.0, -20.0, -20.0
-2.218256682291452, 1.9908369285819234, -10.795513813837818, 31.776544644556147, -29.19459312848696, -157.8428057736127, -20.0, -20.0, -20.0
-2.202285403317909, 1.9761189057296036, -10.87447835721337, 32.108571249615714, -29.677498280792534, -158.01536772859652, -20.0, -20.0, -20.0
-2.186143570316219, 1.9611552269603318, -10.953531449526693, 32.45876075714435, -30.17721679629476, -158.19700152469866, -20.0, -20.0, -20.0
-2.169821448704633, 1.9459367374785739, -11.032677572179146, 32.8297256892017, -30.696741130737177, -158.38748908511266, -20.0, -20.0, -20.0
-2.153307931713232, 1.9304526853796822, -11.111921025774476, 33.224342276400606, -31.23946726482964, -158.58632529620886, -20.0, -20.0, -20.0
-2.1365903953019947, 1.9146905007585213, -11.191265782651872, 33.64580336854994, -31.809271219813475, -158.792702213374, -20.0, -20.0, -20.0
-2.1196545244848752, 1.8986355336466865, -11.270715331866265, 34.09767989992847, -32.4105972275256, -159.0054946442016, -20.0, -20.0, -20.0
-2.102484106168574, 1.882270744336995, -11.350272517940185, 34.58399336527679, -33.04856001124038, -159.22324965148243, -20.0, -20.0, -20.0
-2.0850607822036125, 1.8655763382408532, -11.429939376174584, 35.10930249456936, -33.729064373326615, -159.44418328611386, -20.0, -20.0, -20.0
-2.067363754489718, 1.8485293355520014, -11.50971696917813, 35.678808361008066, -34.458946382081066, -159.6661887280722, -20.0, -20.0, -20.0
-2.049369431486347, 1.8311030634330951, -11.589605231595478, 36.298483652475895, -35.246142093544016, -159.88686094131742, -20.0, -20.0, -20.0
