-0.018599800942622608, 0.02984673596597616, -0.0046418571807877625, -66.46973140800078, 106.67669003030055, -16.54296573820645, -20.0, 20.0, 20.0
-0.03259436797587328, 0.052193863477446936, -0.007741939573260249, 10.491463274998125, -17.288179984417425, 4.142636168316503, -20.0, -20.0, 20.0
-0.03716768680363803, 0.059290780450991516, -0.008052698649789181, -28.78473858605713, 45.675847878595754, -5.385672474432237, -20.0, 20.0, 20.0
-0.0569604021842406, 0.09076937236707583, -0.011991646719358127, -50.38612293635317, 80.23851978574149, -10.370119803843547, -20.0, 20.0, 20.0
-0.07601945712994818, 0.12100516902292156, -0.015465513564915195, -25.85009684647712, 40.70466683764144, -3.525347578384727, -20.0, 20.0, 20.0
-0.09021643507762414, 0.14336281841567994, -0.017411702291031003, -30.937814944226723, 48.725930733392076, -4.259407326078507, -20.0, 20.0, 20.0
-0.10512323275616141, 0.1667896171580739, -0.019258194786306786, -28.68937576992236, 44.98126423618366, -3.126562655024631, -20.0, 20.0, 20.0
-0.11904594885752329, 0.18856935674160732, -0.020574553234510712, -27.001488635525135, 42.13769409795006, -2.1388711377910643, -20.0, 20.0, 20.0
-0.13221625407411197, 0.20907442970400433, -0.021420822392281897, -25.679732230829632, 39.882597751638016, -1.246205493293679, -20.0, 20.0, 20.0
-0.14478790157682656, 0.2285519546077346, -0.0218369733395248, -24.60685778002868, 38.02750186328296, -0.41839829567793807, -20.0, 20.0, 20.0
-0.1568678036138602, 0.24717375517983317, -0.02185092917599817, -23.71275036810592, 36.459700425111365, 0.36257494978446503, -20.0, 20.0, 20.0
-0.16853412182333322, 0.26506544020711165, -0.021483225452594595, -22.952522469786125, 35.10703968400249, 1.1082399438298238, -20.0, 20.0, 20.0
-0.17984621495950787, 0.28232239431041856, -0.02074957289809175, -22.29585007491246, 33.92077672922512, 1.8263702741815595, -20.0, 20.0, 20.0
-0.19085051824759316, 0.2990192291139374, -0.019662372275901126, -21.72136307742875, 32.86656248485041, 2.5224322145809355, -20.0, 20.0, 20.0
-0.2015842291733094, 0.3152157084238627, -0.01823166427031874, -21.213480625436226, 31.919354754850836, 3.200399807748609, -20.0, 20.0, 20.0
-0.21207772961055402, 0.3309606421514761, -0.01646575390387635, -20.760521123542286, 31.060380155602612, 3.863241658020963, -20.0, 20.0, 20.0
-0.22235623977537072, 0.3462945454341327, -0.014371637100398533, -20.353519535724505, 30.275232975023858, 4.513225555890296, -20.0, 20.0, 20.0
-0.23244098415102304, 0.36125151326469845, -0.011955301546377497, -19.985457966884827, 29.55263834723924, 5.1521166601938475, -20.0, 20.0, 20.0
-0.24235003574262795, 0.37586057803934575, -0.009221944697298631, -19.6507483995348, 28.883620751349888, 5.781310736121618, -20.0, 20.0, 20.0
-0.25209894160098045, 0.3901467154934154, -0.006176135441604955, -19.344875033875276, 28.26092906492863, 6.401926286653086, -20.0, 20.0, 20.0
-0.26170119558193644, 0.40413160506338414, -0.0028219364120847744, -19.064140889948778, 27.67862921494632, 7.014869831427638, -20.0, 20.0, 20.0
-0.27116860190792114, 0.417834214706764, 0.0008370018349935855, -18.80548441398998, 27.131809358573214, 7.620883156885803, -20.0, 20.0, 20.0
-0.28051155906946434, 0.43127125766141566, 0.004797367166087007, -18.56634423218282, 26.616362460033343, 8.220578167487883, -20.0, 20.0, 20.0
-0.28973928456041903, 0.44445755408748433, 0.009056127464621193, -18.344557731635877, 26.128823244241335, 8.814463026648864, -20.0, 20.0, 20.0
-0.29885999495898574, 0.4574063209199972, 0.013610483736728601, -18.138283862631027, 25.666244085810185, 9.402962061780773, -20.0, 20.0, 20.0
-0.3078810518200293, 0.47012940675522613, 0.01845783203431935, -17.94594358154314, 25.22609925510549, 9.986431128582215, -20.0, 20.0, 20.0
-0.3168090810505011, 0.4826374841030699, 0.02359573222097238, -17.76617334034413, 24.806210136269474, 10.565169618029909, -20.0, 20.0, 20.0
-0.3256500714756363, 0.49494020818029655, 0.02902188211211253, -17.597788360196688, 24.404686172637078, 11.139429946530688, -20.0, 20.0, 20.0
-0.3344094568996994, 0.5070463491626648, 0.034734095882604746, -17.43975333605589, 24.019877756835836, 11.709425135438186, -20.0, 20.0, 20.0
-0.34309218494644433, 0.5189639031764643, 0.0407302858973167, -17.29115885092377, 23.650338298362524, 12.275334923409629, -20.0, 20.0, 20.0
-0.3517027752151994, 0.5307001861055276, 0.047008447313235925, -17.151202224096387, 23.294793417890713, 12.83731074026727, -20.0, 20.0, 20.0
-0.3602453687303979, 0.5422619133925737, 0.05356664494551873, -17.019171836697673, 22.95211573029363, 13.39547978886394, -20.0, 20.0, 20.0
-0.36872377024183756, 0.553655268337682, 0.06040300199820318, -16.894434209060783, 22.62130405013966, 13.949948421873847, -20.0, 20.0, 20.0
-0.3771414846126644, 0.5648859608817843, 0.06751569034284723, -16.776423274246557, 22.301466126269688, 14.500804956702371, -20.0, 20.0, 20.0
-0.38550174828571604, 0.5759592784669961, 0.07490292209183584, -16.664631417960116, 21.991804214577446, 15.048122039252066, -20.0, 20.0, 20.0
-0.3938075566276065, 0.5868801302581393, 0.08256294226238341, -16.55860194960186, 21.691602949995218, 15.59195864293822, -20.0, 20.0, 20.0
-0.4020616878001907, 0.5976530857690655, 0.09049402236584526, -16.45792274073472, 21.40021909370931, 16.132361770909192, -20.0, 20.0, 20.0
-0.4102667236908556, 0.6082824087473759, 0.09869445478740597, -16.362220821924975, 21.117072819532392, 16.669367915333645, -20.0, 20.0, 20.0
-0.4184250683391003, 0.6187720870200368, 0.10716254784542739, -16.271157771053836, 20.84164027111109, 17.203004316752008, -20.0, 20.0, 20.0
-0.4265389642215976, 0.6291258588813861, 0.11589662143912685, -16.18442575893519, 20.57344717428564, 17.73329005804581, -20.0, 20.0, 20.0
-0.43461050669725665, 0.6393472365074883, 0.1248950032088798, -16.101744143700966, 20.312063330123244, 18.260237020965985, -20.0, 20.0, 20.0
-0.442641656864586, 0.6494395268016767, 0.13415602514610767, -16.022856525616366, 20.05709784663077, 18.783850727945488, -20.0, 20.0, 20.0
-0.4506342530434947, 0.6594058500115677, 0.14367802060003879, -15.947528190018282, 19.808194992933288, 19.304131087778995, -20.0, 20.0, 20.0
-0.4585900210607174, 0.6692491564048749, 0.15345932163709372, -15.87554387887247, 19.565030580295588, 19.821073060440703, -20.0, 20.0, 20.0
-0.4665105834908681, 0.6789722412476759, 0.16349825671561566, -15.80670584173036, 19.327308790908287, 20.33466725364706, -20.0, 20.0, 20.0
-0.4743974679825948, 0.6885777582925853, 0.17379314864443116, -15.740832125176404, 19.094759388729344, 20.844900461614902, -20.0, 20.0, 20.0
-0.48225211478054075, 0.6980682319541511, 0.1843423127985124, -15.67775506660739, 18.86713525753419, 21.351756154710078, -20.0, 20.0, 20.0
-0.4900758835381168, 0.7074460683235844, 0.19514405556900102, -15.617319963696945, 18.64421022019868, 21.855214927244358, -20.0, 20.0, 20.0
-0.4978700595028963, 0.716713565153764, 0.20619667302818595, -15.559383895421133, 18.425777100520047, 22.355254909495336, -20.0, 20.0, 20.0
-0.505635859145314, 0.7258729209276154, 0.21749844979282093, -15.503814674249277, 18.211645994884936, 22.851852149044607, -20.0, 20.0, 20.0
-0.5133744352919242, 0.7349262431078534, 0.22904765807151073, -15.450489912191529, 18.0016427260671, 23.344980965714605, -20.0, 20.0, 20.0
-0.5210868818164626, 0.7438755556532639, 0.2408425568838651, -15.399296185962223, 17.7956074555752, 23.834614283702916, -20.0, 20.0, 20.0
-0.5287742379351187, 0.7527228058757647, 0.25288139144077576, -15.35012828866222, 17.593393434428084, 24.320723943939736, -20.0, 20.0, 20.0
-0.5364374921465795, 0.7614698707031554, 0.2651623926765632, -15.30288855718109, 17.3948658751347, 24.803280999210003, -20.0, 20.0, 20.0
-0.5440775858523831, 0.7701185624044635, 0.27768377692490837, -15.257486266033013, 17.19990093009769, 25.282255994170484, -20.0, 20.0, 20.0
-0.551695416688796, 0.7786706338279188, 0.29044374573146137, -15.213837079618331, 17.008384763723548, 25.757619232041492, -20.0, 20.0, 20.0
-0.5592918415976971, 0.7871277831956679, 0.3034404857968348, -15.171862555986298, 16.820212707272862, 26.22934102945217, -20.0, 20.0, 20.0
-0.5668676796607177, 0.7954916584942298, 0.31667216904436274, -15.131489696096358, 16.63528848697444, 26.69739196065965, -20.0, 20.0, 20.0
-0.5744237147180824, 0.8037638614952732, 0.3301369528075624, -15.092650533362184, 16.45352351719954, 27.16174309213895, -20.0, 20.0, 20.0
-0.5819606977911571, 0.8119459514374688, 0.34383298013268376, -15.055281758936557, 16.274836251582727, 27.62236620834658, -20.0, 20.0, 20.0
-0.5894793493255848, 0.8200394483968427, 0.35775838019209355, -15.019324378774085, 16.09915158591261, 28.079234029292664, -20.0, 20.0, 20.0
-0.5969803612700302, 0.8280458363701766, 0.3719112688045191, -14.984723399007638, 15.926400307422849, 28.532320420409462, -20.0, 20.0, 20.0
-0.6044643990039335, 0.8359665660934851, 0.3862897490583906, -14.951427536605536, 15.75651858581124, 28.98160059507656, -20.0, 20.0, 20.0
-0.6119321031262474, 0.8438030576154175, 0.40089191203467256, -14.919388952650252, 15.5894475019186, 29.427051310051446, -20.0, 20.0, 20.0
-0.619384091115886, 0.851556702643528, 0.41571583762567477, -14.888563005904196, 15.42513261052325, 29.868651053957304, -20.0, 20.0, 20.0
-0.6268209588735149, 0.8592288666796994, 0.4307595954463881, -14.858908024611168, 15.263523534162639, 30.30638022889587, -20.0, 20.0, 20.0
-0.63424328215335, 0.8668208909595627, 0.44602124583490727, -14.830385094729314, 15.10457358529057, 30.740221325180798, -20.0, 20.0, 20.0
-0.6416516178927844, 0.8743340942094915, 0.46149884093848376, -14.80295786300787, 14.948239414424386, 31.170159089125207, -20.0, 20.0, 20.0
-0.6490465054469138, 0.8817697742336572, 0.4771904258817063, -14.776592353509896, 14.79448068223841, 31.596180683765024, -20.0, 20.0, 20.0
-0.6564284677343788, 0.8891292093426727, 0.49309404001323676, -14.751256796350114, 14.643259753823402, 32.01827584235678, -20.0, 20.0, 20.0
-0.6637980123003573, 0.8964136596345189, 0.5092077182274394, -14.72692146756398, 14.494541413561569, 32.43643701445386, -20.0, 20.0, 20.0
-0.6711556323020367, 0.9036243681377261, 0.5255294923571375, -14.703558539153613, 14.348292599267058, 32.850659504338736, -20.0, 20.0, 20.0
-0.6785018074214427, 0.9107625618261469, 0.5420573926336146, -14.681141938470642, 14.204482154416183, 33.2609416015696, -20.0, 20.0, 20.0
-0.6858370047101097, 0.9178294525141116, 0.558789449209854, -14.659647216196923, 14.063080597442921, 33.66728470338791, -20.0, 20.0, 20.0
-0.6931616793697273, 0.9248262376402739, 0.575723693742883, -14.639051422273356, 13.924059907206166, 34.06969342872831, -20.0, 20.0, 20.0
-0.700476275472597, 0.9317541009480375, 0.5928581610309586, -14.619332989205745, 13.787393323847917, 34.4681757235738, -20.0, 20.0, 20.0
-0.7077812266254601, 0.938614213070089, 0.6101908907012036, -14.600471622246234, 13.653055164358086, 34.862742957406475, -20.0, 20.0, 20.0
-0.7150769565800241, 0.9454077320242394, 0.6277199289431845, -14.582448196010144, 13.521020652243626, 35.25341001051748, -20.0, 20.0, 20.0
-0.7223638797933122, 0.9521358036274925, 0.6454433302838035, -14.565244657141994, 13.39126576076868, 35.640195351958575, -20.0, 20.0, 20.0
-0.7296424019407707, 0.9587995618350071, 0.6633591593987785, -14.54884393269189, 13.263767069289896, 36.023121107941414, -20.0, 20.0, 20.0
-0.7369129203849198, 0.9654001290103942, 0.6814654929558936, -14.533229843904962, 13.138501632258066, 36.40221312051896, -20.0, 20.0, 20.0
-0.7441758246021868, 0.9719386161335825, 0.6997604214851274, -14.518387025162747, 13.015446860495041, 36.77750099641594, -20.0, 20.0, 20.0
-0.7514314965704392, 0.9784161229523023, 0.7182420512707093, -14.504300847846833, 12.894580414384405, 37.149018145911505, -20.0, 20.0, 20.0
-0.7586803111196314, 0.9848337380830575, 0.7369085062601163, -14.490957348922318, 12.775880108636695, 37.51680181171641, -20.0, 20.0, 20.0
-0.7659436329899267, 0.9912561618880444, 0.7556023729571698, -14.56233013225912, 12.913815111310972, 37.25866497649786, -20.0, 20.0, 1.6300224697397425
-0.7732665235082415, 0.9978205909010023, 0.7739851302800167, -14.729231941000249, 13.343900940520268, 36.27236431488967, -20.0, 20.0, -20.0
-0.7806706968808483, 1.0045961949895679, 0.7918767030390826, -14.887461549426849, 13.758515413742176, 35.293926721373936, -20.0, 20.0, -20.0
-0.788151884088486, 1.0115753411407375, 0.8092810705241222, -15.037287281124108, 14.158069190936537, 34.32354321878447, -20.0, 20.0, -20.0
-0.7956956690503487, 1.0187203472520148, 0.8262766758436709, -15.137852566326536, 14.421955254172415, 33.65887805941034, -20.0, 20.0, -11.071337319925078
-0.8032986354150772, 1.0260248674261683, 0.8428672992099756, -15.27401289258727, 14.796125442441284, 32.70361540580836, -20.0, 20.0, -20.0
-0.8109324810726211, 1.0334104817553527, 0.8592354845558208, -15.261369737588298, 14.746331874295851, 32.76912597757252, -20.0, 20.0, 10.638167102617444
-0.8185954442061241, 1.0408733180429603, 0.875384224943888, -15.390482796423832, 15.105013276134477, 31.82583557469646, -20.0, 20.0, -20.0
-0.8263211516718904, 1.0485121795372125, 0.8910634679729056, -15.512347066641333, 15.450432700873913, 30.891136541373733, -20.0, 20.0, -20.0
-0.8341060422250423, 1.0563205414541843, 0.9062775205425908, -15.627215145966312, 15.783014967013148, 29.965073737366986, -20.0, 20.0, -20.0
-0.8419378964879474, 1.0642671735817666, 0.9210928613118241, -15.70020190565437, 16.003513543316068, 29.296289339566428, -20.0, 20.0, -12.345491202644553
-0.8498046494293657, 1.072320611868414, 0.9355787742067886, -15.766809860019181, 16.2102396032744, 28.647362240291304, -20.0, 20.0, -11.926678565633665
-0.8577043401961018, 1.0804773394243372, 0.949737037340964, -15.831953206925034, 16.416670620418127, 27.985690296410567, -20.0, 20.0, -12.514474765289378
-0.8656299747483915, 1.0887197019294104, 0.9636054157956577, -15.870585002234183, 16.552779399874368, 27.487823522364057, -20.0, 20.0, -7.604454196720326
-0.8735883580552019, 1.0970679719180283, 0.9771271221413473, -15.962948225007198, 16.84030055459707, 26.599001860394285, -20.0, 20.0, -20.0
-0.8815461343310845, 1.105431952523948, 0.9905245184018161, -15.868156878523715, 16.615621869081338, 26.990583181480563, -20.0, 20.0, 20.0
-0.8895029473821403, 1.113809977948414, 1.003800215953712, -15.959095325699593, 16.89647982878262, 26.112207026103544, -20.0, 20.0, -20.0
-0.8975038356564952, 1.1223258345362284, 1.0166388740844783, -16.04445777171976, 17.16694652247486, 25.242425496961744, -20.0, 20.0, -20.0
-0.9055460623467647, 1.13097442175994, 1.029044770454447, -16.12444898935861, 17.427402372371482, 24.381159982912994, -20.0, 20.0, -20.0
-0.9136051447802528, 1.13969155091841, 1.0411747731429373, -16.111880744593734, 17.441114261508268, 24.138850771048357, -20.0, 20.0, -0.467989518552713
-0.9216797193253313, 1.1484741845387665, 1.053032257001761, -16.186417435720227, 17.689420219917327, 23.29108466424662, -20.0, 20.0, -20.0
-0.9297662998430802, 1.157314031553411, 1.064635783162477, -16.1599046352754, 17.669967838660096, 23.12301997861765, -20.0, 20.0, 1.659695288896728
-0.9378637566715706, 1.1662084416525125, 1.0759885789469221, -16.229922678686233, 17.907672557745723, 22.2881631591627, -20.0, 20.0, -20.0
-0.9459778491916043, 1.1751736320672372, 1.0870461654902344, -16.226447401448745, 17.953089101153523, 21.94218301408647, -20.0, 20.0, -4.362901200770466
-0.9541071919905842, 1.1842066382383454, 1.0978119512340916, -16.290923794470793, 18.178935583279387, 21.120959961342496, -20.0, 20.0, -20.0
-0.9622240468821318, 1.1932350646604026, 1.1084740465175833, -16.176495771719335, 17.934770104949628, 21.527421172624123, -20.0, 20.0, 20.0
-0.97032850028834, 1.202258092354738, 1.1190348050290642, -16.24131785311323, 18.157340672391133, 20.71561287329903, -20.0, 20.0, -20.0
-0.9784642899907582, 1.2113904187297821, 1.1291916291023252, -16.30184095655958, 18.37196482778604, 19.911683419744858, -20.0, 20.0, -20.0
-0.9866162887009331, 1.2205940895586467, 1.1390395923114787, -16.306153884140155, 18.442718487672337, 19.480169416869096, -20.0, 20.0, -7.894404715828841
-0.9947726626755722, 1.2298390190148514, 1.1486553935571389, -16.3193420144162, 18.536999337146472, 18.983035565771242, -20.0, 20.0, -10.223273023058027
-1.0029215175270183, 1.2390946353944965, 1.1581201100724219, -16.27607739136866, 18.485466181434344, 18.875830495360802, -20.0, 20.0, 2.661285985570885
-1.0110731140775153, 1.2483870997150475, 1.1673628849533007, -16.330308810619364, 18.68439110076986, 18.09526902815407, -20.0, 20.0, -20.0
-1.019217325421449, 1.2576907235864199, 1.1764533268201092, -16.246536565115004, 18.5301043847196, 18.266498439080063, -20.0, 20.0, 11.847170943548917
-1.0273539386003891, 1.2670044117162336, 1.1853938889253395, -16.299916150645817, 18.724648134535165, 17.495749981840778, -20.0, 20.0, -20.0
-1.0355163227365671, 1.2764137109324865, 1.1939508801198662, -16.34962039406613, 18.912548730476203, 16.732214796265644, -20.0, 20.0, -20.0
-1.0436612030992727, 1.2858094029084783, 1.2024210152335606, -16.22990105675591, 18.67021917349112, 17.148325658511833, -20.0, 20.0, 20.0
-1.051788832959565, 1.2951911019478566, 1.2108063367884991, -16.28061838441392, 18.856576984022283, 16.392960561241914, -20.0, 20.0, -20.0
-1.0599409511592677, 1.3046644260390474, 1.2188157116384486, -16.32785441439635, 19.03671938074143, 15.64453883855601, -20.0, 20.0, -20.0
-1.06807506696428, 1.3141230764529042, 1.2267424244944156, -16.208608805653288, 18.79788227468512, 16.06231258531181, -20.0, 20.0, 20.0
-1.0761914475009682, 1.3235667374860118, 1.2345884332968826, -16.256913341099395, 18.976761857745323, 15.321722624556463, -20.0, 20.0, -20.0
-1.084331154516153, 1.333098384774757, 1.2420658139626415, -16.3019147196394, 19.149827297235237, 14.58780003847915, -20.0, 20.0, -20.0
-1.0924524858868139, 1.3426145539055474, 1.2494645237812962, -16.183410763004503, 18.914849225925966, 15.007039236139688, -20.0, 20.0, 20.0
-1.1005557183953198, 1.352114992202359, 1.2567864341065271, -16.22951927101919, 19.08690396132062, 14.280602064784242, -20.0, 20.0, -20.0
-1.10868122037429, 1.3617000985457142, 1.2637467228404893, -16.272488644861298, 19.25352141210004, 13.560552871064477, -20.0, 20.0, -20.0
-1.116788081746789, 1.3712691551004283, 1.2706321248539787, -16.154956845135242, 19.02270480675682, 13.98105518289354, -20.0, 20.0, 20.0
-1.1248765855521725, 1.3808219661946417, 1.2774444237856608, -16.19905837639904, 19.188539570096513, 13.26814054383535, -20.0, 20.0, -20.0
-1.1329800359184041, 1.3904406663914117, 1.2839478235892288, -16.21474308852712, 19.286261216983533, 12.745458670436431, -20.0, 20.0, -13.460981683948376
-1.141058600073601, 1.4000275681854446, 1.2904257348603223, -16.099513532260236, 19.06134595914797, 13.166186413938048, -20.0, 20.0, 20.0
-1.1491191939187744, 1.409598638091556, 1.2968336298659286, -16.142861848433093, 19.222933665297482, 12.465393608487645, -20.0, 20.0, -20.0
-1.1572007443679513, 1.419249302206918, 1.302892593977945, -16.183339948274135, 19.379722796150194, 11.770462839577492, -20.0, 20.0, -20.0
-1.1652639187253968, 1.4288840512987084, 1.3088832310996674, -16.069357481507645, 19.159273571012076, 12.19208564731203, -20.0, 20.0, 20.0
-1.1733089893528816, 1.4385027593811943, 1.3148071700346677, -16.110925028431268, 19.315558758931235, 11.503670092689395, -20.0, 20.0, -20.0
-1.1813524773881356, 1.4481454358219805, 1.3205480665650553, -16.06302711258475, 19.255147004213594, 11.459916028860746, -20.0, 20.0, 3.168392304180543
-1.1893939592924512, 1.457811073353553, 1.3261080098992923, -16.102900504677677, 19.407403122076076, 10.779857308087813, -20.0, 20.0, -20.0
-1.197417773517422, 1.4674617078493375, 1.3316032818890842, -15.992356395205555, 19.19513486106187, 11.201230651079461, -20.0, 20.0, 20.0
-1.205424171417276, 1.477097231604511, 1.3370354256262862, -16.033235204210413, 19.346960159632463, 10.527344297728257, -20.0, 20.0, -20.0
-1.2134336082861399, 1.4867669357488824, 1.3422570203996886, -16.004512271245254, 19.33185641785289, 10.359034795881104, -20.0, 20.0, -1.6207490281581158
-1.2214409288212622, 1.4964585852298644, 1.3473044011553672, -16.02476986924399, 19.4347415060749, 9.830488226833497, -20.0, 20.0, -14.953201619349784
-1.229426550817167, 1.5061249154370258, 1.3523248674051653, -15.91771811437464, 19.230579322570325, 10.251376772359217, -20.0, 20.0, 20.0
-1.2373954665218614, 1.5157771632971462, 1.3572855029870736, -15.957944704403454, 19.378412117911466, 9.59116555527389, -20.0, 20.0, -20.0
-1.2453631608571072, 1.5254523294080609, 1.3620742461160313, -15.91283263657975, 19.32225232574743, 9.563806960557246, -20.0, 20.0, 3.3643032156285244
-1.253329249246469, 1.535149572190962, 1.366692950959297, -15.951520920867152, 19.466718805857127, 8.911012412505414, -20.0, 20.0, -20.0
-1.2612394412003733, 1.544751834055156, 1.371337775156931, -15.689246894750259, 18.942328650919286, 9.668284378029753, -20.0, -20.0, 20.0
-1.2690561836681717, 1.5541798134748668, 1.3760922605558297, -15.577722976443155, 18.769589027923395, 9.349657217565758, -20.0, -19.77356023767561, -20.0
-1.276817960806676, 1.5635223011728476, 1.3806875061000403, -15.469385577574238, 18.600361763999643, 9.031324959277077, -20.0, -20.0, -20.0
-1.2845265508615187, 1.5727814584698196, 1.3851232023946942, -15.36497464179639, 18.43626742388841, 8.711460219338482, -20.0, -20.0, -20.0
-1.2921838740380773, 1.5819597903870102, 1.3893986032725285, -15.264318064438068, 18.277060244873773, 8.39014329199903, -20.0, -20.0, -20.0
-1.2997917670256502, 1.591059682989034, 1.3935130012954429, -15.167253885853292, 18.122510163221477, 8.067448799658195, -20.0, -20.0, -20.0
-1.3073502617386654, 1.6000792752699766, 1.3974792308929105, -15.066724966207044, 17.95585896054872, 7.7974695902120414, -20.0, -20.0, -17.939830436555667
-1.314844165057677, 1.608980252553062, 1.4014297049989004, -14.90888830983911, 17.648050171793468, 8.004426833747715, -20.0, -20.0, 0.3599450754663849
-1.3222774722787607, 1.6177696013410756, 1.4053498687904324, -14.824340574495928, 17.509344980260312, 7.676228332380867, -20.0, -20.0, -20.0
-1.3296692440358013, 1.626490530073371, 1.4091056742571535, -14.742746453667046, 17.374369948921245, 7.346993534503057, -20.0, -20.0, -20.0
-1.3370161892596926, 1.6351335349090927, 1.4127343232573013, -14.645034441897458, 17.19764939396578, 7.167602466088477, -20.0, -20.0, -14.182834060923824
-1.344312547766724, 1.6436830789399421, 1.4162936514367752, -14.540399586227917, 17.000526729431687, 7.0697102518071855, -20.0, -20.0, -10.962461379338038
-1.3515647919241562, 1.6521526269070668, 1.419745229500988, -14.468577043501067, 16.877665139066544, 6.736602005044148, -20.0, -20.0, -20.0
-1.3587561108808812, 1.6605002716976773, 1.423236720239658, -14.29669878339894, 16.512914023375714, 7.229360949636149, -20.0, -20.0, 12.139474636347131
-1.3658885436531498, 1.6687284691414315, 1.426767190826504, -14.23303230567537, 16.39987575164079, 6.892521397748104, -20.0, -20.0, -20.0
-1.372989694732658, 1.676900810778866, 1.4301290848597366, -14.171572012358014, 16.28949079809816, 6.555054735182191, -20.0, -20.0, -20.0
-1.3800606472909378, 1.685018597469701, 1.433322095366409, -14.112238220760622, 16.181655965241575, 6.216987291507903, -20.0, -20.0, -20.0
-1.3870916896763772, 1.693057388282341, 1.4364342036706805, -14.011931320997231, 15.973507285318497, 6.231445925577908, -20.0, -20.0, -6.129375445192409
-1.3940841575091636, 1.7010187620048414, 1.4394649177447116, -13.95794001014871, 15.871987604683031, 5.891410370546718, -20.0, -20.0, -20.0
-1.4010319772624773, 1.708886622403977, 1.4424755902381752, -13.833339003106413, 15.599453991859134, 6.1512796033073105, -20.0, -20.0, 3.700607342320609
-1.4079366092067656, 1.716662665480974, 1.4454656421578378, -13.78518877404675, 15.504718316128857, 5.808928075342849, -20.0, -20.0, -20.0
-1.41481759057894, 1.724391829148897, 1.448284422463287, -13.73873671465129, 15.4119363555634, 5.466193146453511, -20.0, -20.0, -20.0
-1.4216537709267474, 1.7320224684416805, 1.4511164149258835, -13.60598467657851, 15.110620815569865, 5.861776703932856, -20.0, -20.0, 9.368509693784517
-1.428446585483106, 1.7395562148222887, 1.4539610495780306, -13.565273548856524, 15.02436470686328, 5.516761904655954, -20.0, -20.0, -20.0
-1.4352194138789942, 1.7470472445447205, 1.4566331105888286, -13.526040034696285, 14.939754182863492, 5.171482138535572, -20.0, -20.0, -20.0
-1.441963328780302, 1.7544732240044143, 1.45921473039449, -13.44961957053479, 14.76416365591144, 5.154997084110322, -20.0, -20.0, -6.827481852502842
-1.4486793003921155, 1.7618352320667159, 1.4617056203794623, -13.414266876719553, 14.683868593295124, 4.808562855778328, -20.0, -20.0, -20.0
-1.455349020916321, 1.7690880464991876, 1.46427195559272, -13.264615220102554, 14.327389136591808, 5.456777997252517, -20.0, -20.0, 20.0
-1.461973914669084, 1.7762332336640567, 1.4669131687662507, -13.234959790949876, 14.253359522884944, 5.108074696870506, -20.0, -20.0, -20.0
-1.4685842736143144, 1.7833417116804189, 1.4693800048892969, -13.206475989971969, 14.180552542563541, 4.759269795313903, -20.0, -20.0, -20.0
-1.4751806748439948, 1.7904140831406063, 1.4716724129958296, -13.179128928749964, 14.1089332981862, 4.410362630817405, -20.0, -20.0, -20.0
-1.4817425767960588, 1.7974000572461726, 1.473975561409518, -13.068478879505593, 13.83496312407903, 4.80223102393645, -20.0, -20.0, 10.042698028121436
-1.4882710637790444, 1.804300791288556, 1.4762890843150753, -13.045469052437063, 13.767973045454829, 4.451860598292497, -20.0, -20.0, -20.0
-1.4947882946806044, 1.8111682802938212, 1.478427413291288, -13.023454553802894, 13.701982975605754, 4.101455306558012, -20.0, -20.0, -20.0
-1.5012734269719292, 1.8179513818713462, 1.4805806840523708, -12.917074611496624, 13.430423334494797, 4.511627737772746, -20.0, -20.0, 11.029160220874473
-1.5077274656769666, 1.8246511459979307, 1.4827485759379886, -12.899080208653018, 13.368633171843372, 4.159939804698205, -20.0, -20.0, -20.0
-1.5141727250510646, 1.8313202245782478, 1.4847406293797418, -12.881957287738622, 13.307681149425557, 3.8082739623148574, -20.0, -20.0, -20.0
-1.520587532210798, 1.837905288554205, 1.486756989711104, -12.777271351195091, 13.032574754403216, 4.257167363133251, -20.0, -20.0, 12.846484273421083
-1.5269728345646714, 1.8444073074540872, 1.488797368784384, -12.76393806429804, 12.975500845124856, 3.904348929987026, -20.0, -20.0, -20.0
-1.5333516606613073, 1.850880963346346, 1.4906613566564497, -12.75136632224589, 12.919122723910638, 3.5516025582755466, -20.0, -20.0, -20.0
-1.539704040952823, 1.857276872559766, 1.4925361933423067, -12.658154843817332, 12.664514129768426, 3.947744185152673, -20.0, -20.0, 10.894219590912257
-1.5460308131347853, 1.863595871567068, 1.4944216517420137, -12.648933884031381, 12.61148189943939, 3.594089413675281, -20.0, -20.0, -20.0
-1.5523531417887864, 1.869888499394079, 1.496130309791744, -12.64038073197263, 12.559029408604927, 3.2405427852463573, -20.0, -20.0, -20.0
-1.5586455794913585, 1.8760916675356423, 1.4979033339992995, -12.52937007831574, 12.253643157648323, 3.8515540449754613, -20.0, -20.0, 20.0
-1.5649090262306657, 1.8822062651117515, 1.4997404632197346, -12.524416878913208, 12.204747146788703, 3.4969628367647565, -20.0, -20.0, -20.0
-1.571170140437289, 1.8882965294208216, 1.5014003355344538, -12.520039947580234, 12.156310089491317, 3.1425264221122946, -20.0, -20.0, -20.0
-1.5774190808832782, 1.8943376332872375, 1.502979335833333, -12.47572183637592, 12.008105376172425, 3.173474773404286, -20.0, -20.0, -3.94136307847441
-1.5836563460464386, 1.900330032234264, 1.5044774171071764, -12.473338816265459, 11.961490411933305, 2.818850321969689, -20.0, -20.0, -20.0
-1.5898676925055488, 1.9062374255926346, 1.5060373611522955, -12.372047020175293, 11.668083021549053, 3.4209258585068145, -20.0, -20.0, 20.0
-1.5960539073048512, 1.9120605653752447, 1.5076589672522511, -12.372812177033765, 11.624476108891171, 3.0654985413156215, -20.0, -20.0, -20.0
-1.6022406190514062, 1.9178619812268896, 1.5091029082899263, -12.374034809186622, 11.581187297688498, 2.710265609384983, -20.0, -20.0, -20.0
-1.6084078778206858, 1.9235912928740482, 1.5105667667239486, -12.29500026793138, 11.336059290946029, 3.145168126703908, -20.0, -20.0, 13.187644667735526
-1.614556322205128, 1.9292490874364034, 1.5120504204866738, -12.298777269837487, 11.295118958474898, 2.7894469241964117, -20.0, -20.0, -20.0
-1.6207067544769163, 1.934886474583338, 1.513356265995769, -12.302951817315824, 11.254429629263312, 2.433935112183435, -20.0, -20.0, -20.0
-1.6268355839375586, 1.9404435093042178, 1.5147213812970588, -12.212366025253472, 10.973709254255342, 3.0265260929757773, -20.0, -20.0, 20.0
-1.6329434810279249, 1.945920805086052, 1.5161456267771967, -12.21922233621179, 10.935473873081277, 2.6704558275760064, -20.0, -20.0, -20.0
-1.639054891065659, 1.951379028241781, 1.5173918950578125, -12.226417814724686, 10.897418749835422, 2.3146172948869324, -20.0, -20.0, -20.0
-1.6451480437130426, 1.956762386972284, 1.5186828024268275, -12.146192774809771, 10.636016172176241, 2.849012181173599, -20.0, -20.0, 17.716426656370345
-1.6512235312554824, 1.9620714070491116, 1.520018249137913, -12.155757394949784, 10.600064135134184, 2.492774663168715, -20.0, -20.0, -20.0
-1.6573038733661014, 1.967362482066317, 1.5211756383518116, -12.165611047525989, 10.564235933686811, 2.1367821924251147, -20.0, -20.0, -20.0
-1.6633668964736945, 1.9725783022755228, 1.5223855884537474, -12.086481382846744, 10.299044903136815, 2.703018215318075, -20.0, -20.0, 19.229757502741904
-1.6694131637760603, 1.977719358629197, 1.5236480131183976, -12.098587826616356, 10.265180511560436, 2.346680443282918, -20.0, -20.0, -20.0
-1.6754655451483778, 1.9828435009836847, 1.5247323330857918, -12.110937662653132, 10.23138890638988, 1.9905994262938052, -20.0, -20.0, -20.0
-1.6815038800739246, 1.987898117451378, 1.5258520524267185, -12.042402039533792, 9.987076964383013, 2.4882779374128883, -20.0, -20.0, 16.456058123181663
-1.6875286605311597, 1.9928836229247084, 1.5270071171664428, -12.0567197894064, 9.954944928938856, 2.131981021483841, -20.0, -20.0, -20.0
-1.6935606509382635, 1.9978530708508837, 1.527984098470646, -12.071241839009168, 9.922846775762606, 1.7759441953292674, -20.0, -20.0, -20.0
-1.6995781927065114, 2.002749405997374, 1.52901639491103, -11.998925233982844, 9.662493810198912, 2.353241566206406, -20.0, -20.0, 20.0
-1.7055817753951483, 2.0075730386823816, 1.5301039508556877, -12.015405520564828, 9.632036929831584, 1.9969822124243994, -20.0, -20.0, -20.0
-1.7115936400338467, 2.012381441644029, 1.5310134436293394, -12.03205303422872, 9.601574916758157, 1.6409888821826466, -20.0, -20.0, -20.0
-1.7175925928729714, 2.0171182012242914, 1.5319774702275246, -11.963758322270218, 9.345463404292701, 2.215117510558028, -20.0, -20.0, 20.0
-1.7235790863875642, 2.02178368808521, 1.5329959901838002, -11.982215736100809, 9.316484039380702, 1.8589623145439655, -20.0, -20.0, -20.0
-1.7295748420980785, 2.026434675622924, 1.5338364997747274, -12.000807105956552, 9.287466111476268, 1.503076049164813, -20.0, -20.0, -20.0
-1.7355591232150174, 2.031015362872227, 1.5347308364535468, -11.936317361798748, 9.035282885735521, 2.0742706661130788, -20.0, -20.0, 20.0
-1.7415323480053095, 2.0355260849115613, 1.5356789725129465, -11.956581799369696, 9.00760527160207, 1.718273571485422, -20.0, -20.0, -20.0
-1.7475157310163658, 2.040022951358548, 1.5364491773148314, -11.97695024485499, 8.979860516345315, 1.3625456360545665, -20.0, -20.0, -20.0
-1.7534889841143666, 2.044450745468876, 1.5372725704125711, -11.916062147148311, 8.731315924966049, 1.9310267549041216, -20.0, -20.0, 20.0
-1.7594524939272949, 2.0488097703466943, 1.5381491346950298, -11.937977104564943, 8.70478358630821, 1.575230374930352, -20.0, -20.0, -20.0
-1.765426980462483, 2.0531555061818567, 1.5388478675397377, -11.959969036187157, 8.678159754340571, 1.2197010039013823, -20.0, -20.0, -20.0
-1.7713925955137058, 2.057433292390347, 1.5395992118005546, -11.902491168704639, 8.432985079621298, 1.7856760393666624, -20.0, -20.0, 20.0
-1.7773496963726927, 2.061643403309752, 1.5404031590130036, -11.925912267243051, 8.407458597997884, 1.4301128104291667, -20.0, -20.0, -20.0
-1.783314840055945, 2.0658305289011225, 1.5410725848011777, -11.934662465766735, 8.341043767484608, 1.2475903422667776, -20.0, -20.0, -12.484052048796912
-1.7892696418712228, 2.0699433048625764, 1.5418257611981792, -11.884544795344656, 8.110060078331252, 1.7651152457393642, -20.0, -20.0, 17.99560949011419
-1.7952181540075665, 2.0739922117492897, 1.5426194786550442, -11.909503750029764, 8.085567468522386, 1.4097545817212809, -20.0, -20.0, -20.0
-1.8011791526664422, 2.0780288379580067, 1.5432355819363028, -11.934490885473426, 8.060937366346092, 1.054658543313016, -20.0, -20.0, -20.0
-1.8071336408286574, 2.0819995577178623, 1.5439032680299984, -11.883461763387377, 7.821941673076014, 1.6160858314698383, -20.0, -20.0, 20.0
-1.8130819211787832, 2.085904591511085, 1.5446225450347073, -11.90965963711569, 7.798193499815604, 1.261022187365655, -20.0, -20.0, -20.0
-1.8190417295154624, 2.089793242563579, 1.5451835614194254, -11.929573709601309, 7.756410710158287, 0.9830433515061523, -20.0, -20.0, -16.64040163142775
-1.8249945040185154, 2.0936123899848544, 1.5458149339066871, -11.881524302610826, 7.52017897494445, 1.5424465975405997, -20.0, -20.0, 20.0
-1.830942119559737, 2.0973667251293198, 1.5464974601049155, -11.908937862276012, 7.497161602916389, 1.1876581953726206, -20.0, -20.0, -20.0
-1.8369034390826284, 2.1011095095068413, 1.547002655078937, -11.936340229289007, 7.473975907168919, 0.8331217007140204, -20.0, -20.0, -20.0
-1.8428784567116514, 2.1048406626258007, 1.5473306391911443, -11.963730286802951, 7.4506365686685, 0.47881474811455316, -20.0, -20.0, -20.0
-1.8488671660091573, 2.108560111331738, 1.5474815216093023, -11.9911069032208, 7.427158255080439, 0.12471492451773075, -20.0, -20.0, -20.0
-1.8548695599672786, 2.1122677898004407, 1.5474554002807623, -12.018468929263978, 7.403555619731201, -0.22920023867770056, -20.0, -20.0, -20.0
-1.8608856309983608, 2.1159636395305332, 1.5472523619026899, -12.045815195064597, 7.379843300639073, -0.5829532736117806, -20.0, -20.0, -20.0
-1.866915370923947, 2.119647609335595, 1.546872481888285, -12.073144507279851, 7.356035919607775, -0.9365667840073493, -20.0, -20.0, -20.0
-1.8729587709623239, 2.123319655335841, 1.5463158243289685, -12.100455646227292, 7.332148081377752, -1.2900634532584805, -20.0, -20.0, -20.0
-1.8790158217146407, 2.126979740949393, 1.5455824419525146, -12.127747363039692, 7.308194372829932, -1.6434660525576619, -20.0, -20.0, -20.0
-1.8850865131496102, 2.1306278368831597, 1.5446723760771113, -12.155018376838273, 7.284189362236831, -1.9967974490558924, -20.0, -20.0, -20.0
-1.8911708345868006, 2.134263921123358, 1.5435856565613348, -12.18226737192309, 7.2601475985559105, -2.3500806140497, -20.0, -20.0, -20.0
-1.8972687746785262, 2.137887978925687, 1.5423223017500252, -12.209492994979335, 7.236083610760132, -2.7033386311888585, -20.0, -20.0, -20.0
-1.9033803213903455, 2.141500002805177, 1.5408823184160534, -12.236693852298329, 7.212011907200669, -3.0565947046983246, -20.0, -20.0, -20.0
-1.909505461980173, 2.1450999925257266, 1.539265701697977, -12.263868507011935, 7.187946974996703, -3.4098721676076416, -20.0, -20.0, -20.0
-1.9156441829760107, 2.1486879550893376, 1.5374724350335798, -12.29101547633909, 7.163903279447238, -3.7631944899807066, -20.0, -20.0, -20.0
-1.9217964701523063, 2.1522639047250642, 1.5355024900893, -12.318133228843076, 7.139895263459783, -4.116585287138451, -20.0, -20.0, -20.0
-1.9279623085049415, 2.155827862877677, 1.5333558266855487, -12.34522018169808, 7.115937346990722, -4.470068327866572, -20.0, -20.0, -20.0
-1.934141682224857, 2.1593798581960475, 1.5310323927179321, -12.372274697963539, 7.092043926492082, -4.823667542600006, -20.0, -20.0, -20.0
-1.940334574670314, 2.16291992652126, 1.5285321240743883, -12.39929508386459, 7.0682293743593085, -5.177407031575368, -20.0, -20.0, -20.0
-1.9465409683377994, 2.1664481108744438, 1.525854944548259, -12.426279586076934, 7.04450803837456, -5.531311072942026, -20.0, -20.0, -20.0
-1.9527608448315723, 2.1699644614443225, 1.523000765747318, -12.453226389014182, 7.020894241139839, -5.8854041308219465, -20.0, -20.0, -20.0
-1.9589941848318548, 2.173469035574481, 1.5199694869987854, -12.480133612115715, 6.997402279494163, -6.239710863307794, -20.0, -20.0, -20.0
-1.965240968061667, 2.1769618977503318, 1.5167609952503613, -12.50699930713286, 6.974046423908755, -6.59425613038814, -20.0, -20.0, -20.0
-1.971501173252303, 2.1804431195857723, 1.5133751649673173, -12.533821455411047, 6.950840917854039, -6.949065001787903, -20.0, -20.0, -20.0
-1.977774778107447, 2.183912779809519, 1.5098118580256925, -12.560597965165458, 6.927799977131991, -7.304162764711385, -20.0, -20.0, -20.0
-1.9840617592659253, 2.1873709642510937, 1.506070923601646, -12.587326668747428, 6.904937789167118, -7.659574931474442, -20.0, -20.0, -20.0
-1.990362092263087, 2.1908177658264476, 1.5021521980570245, -12.614005319898732, 6.88226851224909, -8.015327247011472, -20.0, -20.0, -20.0
-1.9966757514908093, 2.1942532845231897, 1.4980555048212112, -12.640631590990603, 6.859806274719692, -8.371445696241933, -20.0, -20.0, -20.0
-2.003002710156118, 2.1976776273853935, 1.4937806542693306, -12.667203070244168, 6.8375651740964605, -8.727956511280135, -20.0, -20.0, -20.0
-2.009342940238411, 2.201090908497949, 1.4893274435968928, -12.693717258928706, 6.815559276124972, -9.084886178470944, -20.0, -20.0, -20.0
-2.0156964124452763, 2.2044932489704183, 1.4846956566909668, -12.720171568533909, 6.793802613751371, -9.442261445232923, -20.0, -20.0, -20.0
-2.022063096166888, 2.207884776920358, 1.4798850639979864, -12.746563317912072, 6.772309186006266, -9.800109326689206, -20.0, -20.0, -20.0
-2.0284429594289626, 2.211265627456057, 1.4748954223882977, -12.772889730385867, 6.751092956790681, -10.158457112065086, -20.0, -20.0, -20.0
-2.034835968844263, 2.214635942658643, 1.469726475017574, -12.799147930817073, 6.730167853554218, -10.517332370829928, -20.0, -20.0, -20.0
-2.0412420895626253, 2.2179958715634953, 1.4643779511852266, -12.825334942631379, 6.709547765855066, -10.87676295855953, -20.0, -20.0, -20.0
-2.0476612852194815, 2.221345570140907, 1.4588495661899634, -12.85144768479405, 6.689246543790892, -11.236777022493502, -20.0, -20.0, -20.0
-2.0540935178828628, 2.2246852012759266, 1.4531410211826499, -12.87748296873098, 6.669277996289039, -11.597403006760523, -20.0, -20.0, -20.0
-2.0605387479988426, 2.2280149347473097, 1.4472520030166491, -12.903437495189335, 6.649655889243779, -11.958669657242574, -20.0, -20.0, -20.0
-2.066996934335398, 2.2313349472054926, 1.4411821840958265, -12.929307851031673, 6.630393943487662, -12.320606026047365, -20.0, -20.0, -20.0
-2.0734680339246454, 2.2346454221495105, 1.4349312222204256, -12.95509050595713, 6.611505832583233, -12.683241475556109, -20.0, -20.0, -20.0
-2.0799520020034206, 2.2379465499027615, 1.4284987604310335, -12.98078180914293, 6.593005180420594, -13.046605682011705, -20.0, -20.0, -20.0
-2.086448791952156, 2.241238527587518, 1.4218844268508781, -13.006377985799151, 6.574905558605404, -13.410728638610083, -20.0, -20.0, -20.0
-2.0929583552320135, 2.2445215590980747, 1.415087834526712, -13.031875133629368, 6.557220483621013, -13.775640658055055, -20.0, -20.0, -20.0
-2.099480641320218, 2.247795855072417, 1.4081085812685645, -13.05726921918946, 6.539963413747434, -14.141372374534456, -20.0, -20.0, -20.0
-2.1060155976435495, 2.2510616328622834, 1.4009462494886629, -13.082556074136543, 6.5231477457188545, -14.50795474507263, -20.0, -20.0, -20.0
-2.1125631695099236, 2.254319116501488, 1.393600406039842, -13.10773139135968, 6.506786811100255, -14.875419050211445, -20.0, -20.0, -20.0
-2.1191233000380096, 2.2575685366723537, 1.3860706020537967, -13.13279072098369, 6.490893872362592, -15.243796893968977, -20.0, -20.0, -20.0
-2.125695930084815, 2.260810130670103, 1.3783563727795491, -13.157729466237084, 6.475482118634749, -15.613120203021733, -20.0, -20.0, -20.0
-2.1322809981711677, 2.264044142365039, 1.3704572374225306, -13.182542879174829, 6.460564661109201, -15.983421225052945, -20.0, -20.0, -20.0
-2.138878440405023, 2.2672708221623354, 1.3623726989847158, -13.207226056246395, 6.446154528076965, -16.354732526205787, -20.0, -20.0, -20.0
-2.1454881904025096, 2.2704904269592463, 1.3541022441062702, -13.23177393369921, 6.432264659566005, -16.727086987576627, -20.0, -20.0, -20.0
-2.152110179206636, 2.273703220099527, 1.3456453429092061, -13.256181282807438, 6.418907901555756, -17.100517800679395, -20.0, -20.0, -20.0
-2.158744335203567, 2.2769094713248506, 1.3370014488435842, -13.280442704915707, 6.406096999738878, -17.475058461807933, -20.0, -20.0, -20.0
-2.165390584036368, 2.280109456722985, 1.3281699985368276, -13.304552626287258, 6.393844592799721, -17.850742765218794, -20.0, -20.0, -20.0
-2.1720488485161265, 2.283303458672479, 1.3191504116467598, -13.328505292745735, 6.382163205177273, -18.227604795052276, -20.0, -20.0, -20.0
-2.1787190485303376, 2.2864917657835933, 1.3099420907190207, -13.352294764099732, 6.371065239278597, -18.605678915904647, -20.0, -20.0, -20.0
-2.185401100948447, 2.2896746728351896, 1.3005444210495547, -13.375914908339055, 6.3605629671069215, -18.98499976195942, -20.0, -20.0, -20.0
-2.19209491952443, 2.2928524807072828, 1.2909567705529197, -13.399359395591611, 6.350668521266649, -19.36560222458021, -20.0, -20.0, -20.0
-2.198800414796285, 2.2960254963089257, 1.2811784896372092, -13.422621691829786, 6.341393885305579, -19.747521438262265, -20.0, -20.0, -20.0
-2.205517493982321, 2.2991940325010902, 1.271208911086435, -13.445695052315207, 6.332750883352617, -20.13079276483386, -20.0, -20.0, -20.0
-2.212246060874093, 2.30235840801418, 1.2610473499512784, -13.46857251477088, 6.3247511690071745, -20.515451775793032, -20.0, -20.0, -20.0
-2.218986015725853, 2.3055189473597903, 1.2506931034491655, -13.491246892269832, 6.317406213434352, -20.901534232658797, -20.0, -20.0, -20.0
-2.2257372551403782, 2.3086759807363033, 1.2401454508746983, -13.513710765829638, 6.310727292617825, -21.289076065209795, -20.0, -20.0, -20.0
-2.232499671951011, 2.311829843927888, 1.2294036535215267, -13.535956476702529, 6.304725473720207, -21.67811334747684, -20.0, -20.0, -20.0
-2.2392731550997746, 2.3149808781964425, 1.21846695461682, -13.55797611835119, 6.299411600498469, -22.068682271349203, -20.0, -20.0, -20.0
-2.2460575895113877, 2.318129430165997, 1.2073345792695709, -13.57976152810089, 6.294796277719808, -22.460819117647798, -20.0, -20.0, -20.0
-2.252852855963028, 2.321275851699057, 1.196005734434031, -13.601304278459228, 6.290889854521229, -22.854560224511726, -20.0, -20.0, -20.0
-2.2596588309496664, 2.3244204997643507, 1.1844796088896685, -13.622595668095556, 6.287702406653966, -23.24994195293777, -20.0, -20.0, -20.0
-2.2664753865448084, 2.327563736295402, 1.1727553732391076, -13.64362671247307, 6.285243717551877, -23.64700064930582, -20.0, -20.0, -20.0
-2.2733023902564584, 2.3307059280393303, 1.160832179925602, -13.664388134127636, 6.2835232581609715, -24.04577260471648, -20.0, -20.0, -20.0
-2.2801397048781373, 2.333847446395237, 1.1487091632716828, -13.68487035258868, 6.282550165465467, -24.446294010960802, -20.0, -20.0, -20.0
-2.2869871883347694, 2.3369886672415143, 1.1363854395407087, -13.70506347393895, 6.282333219644123, -24.84860091293583, -20.0, -20.0, -20.0
-2.293844693523257, 2.3401299707513727, 1.1238601070231462, -13.724957280011575, 6.282880819789209, -25.25272915731387, -20.0, -20.0, -20.0
-2.300712068147566, 2.3432717411958497, 1.1111322461495008, -13.744541217224816, 6.2842009581193174, -25.65871433726823, -20.0, -20.0, -20.0
-2.3075891545481366, 2.3464143667335335, 1.0982009196319205, -13.763804385056972, 6.2863011926163965, -26.06659173305336, -20.0, -20.0, -20.0
-2.3144757895254426, 2.3495582391861918, 1.0850651726365987, -13.782735524166409, 6.289188618016977, -26.476396248233605, -20.0, -20.0, -20.0
-2.3213718041575255, 2.3527037537994677, 1.0717240329892024, -13.80132300416433, 6.292869835087555, -26.888162341351787, -20.0, -20.0, -20.0
-2.3282770236113293, 2.355851308987768, 1.0581765114156576, -13.819554811050974, 6.297350918114652, -27.30192395282721, -20.0, -20.0, -20.0
-2.335191266947674, 2.359001306062432, 1.0444216018207328, -13.837418534329315, 6.302637380541252, -27.717714426872195, -20.0, -20.0, -20.0
-2.34211434691971, 2.362154148942238, 1.0304582816069603, -13.854901353814011, 6.308734138683194, -28.135566428217707, -20.0, -20.0, -20.0
-2.349046069764703, 2.365310243845274, 1.0162855120365455, -13.871990026157572, 6.315645473461788, -28.555511853441686, -20.0, -20.0, -20.0
-2.355986234989022, 2.368469998961163, 1.0019022386390102, -13.888670871120162, 6.323374990092565, -28.97758173669924, -20.0, -20.0, -20.0
-2.362934635146206, 2.3716338241026045, 0.98730739166742, -13.904929757614461, 6.331925575674761, -29.40180614966175, -20.0, -20.0, -20.0
-2.369891055608, 2.374802130335181, 0.9724998866061338, -13.920752089562436, 6.34129935463201, -29.828214095482878, -20.0, -20.0, -20.0
-2.376855274328292, 2.3779753295843298, 0.9574786247331072, -13.936122791606731, 6.351497641961917, -30.256833396623698, -20.0, -20.0, -20.0
-2.383827061599875, 2.3811538342183853, 0.9422424937398545, -13.951026294725784, 6.362520894260904, -30.68769057638713, -20.0, -20.0, -20.0
-2.3908061798040086, 2.384338056606576, 0.9267903684122492, -13.965446521808623, 6.37436865850106, -31.120810734034094, -20.0, -20.0, -20.0
-2.397792383152774, 2.387528408650838, 0.9111211113753954, -13.979366873252692, 6.387039518547863, -31.556217413380764, -20.0, -20.0, -20.0
-2.404785417424251, 2.3907253012903307, 0.8952335739058481, -13.99277021265589, 6.40053103942184, -31.993932464808413, -20.0, -20.0, -20.0
-2.4117850196905857, 2.393929143977517, 0.8791265968144821, -14.005638852682395, 6.414839709323547, -32.43397590065545, -20.0, -20.0, -20.0
-2.418790918039054, 2.397140344124713, 0.8627990114033169, -14.017954541190667, 6.4299608794599274, -32.87636574400551, -20.0, -20.0, -20.0
-2.425802831286282, 2.4003593065200106, 0.8462496404995813, -14.02969844772126, 6.445888701731367, -33.321117870936966, -20.0, -20.0, -20.0
-2.4328204686858252, 2.403586432711534, 0.8294772995702576, -14.040851150451811, 6.462616064362693, -33.768245846357814, -20.0, -20.0, -20.0
-2.439843529629372, 2.406822120359022, 0.8124807979202638, -14.051392623736493, 6.480134525588192, -34.21776075361735, -20.0, -20.0, -20.0
-2.4468717033418956, 2.4100667625518017, 0.7952589399773191, -14.06130222635756, 6.49843424553061, -34.669671018161395, -20.0, -20.0, -20.0
-2.4539046685711416, 2.413320747092296, 0.777810526666383, -14.070558690626948, 6.5175039164470805, -35.12398222558305, -20.0, -20.0, -20.0
-2.46094209327192, 2.416584455744296, 0.7601343568763583, -14.079140112486439, 6.53733069155126, -35.5806969345155, -20.0, -20.0, -20.0
-2.467983634285733, 2.4198582634453487, 0.7422292290214999, -14.087023942765159, 6.557900112660506, -36.03981448491831, -20.0, -20.0, -20.0
-2.4750289370163654, 2.4231425374827538, 0.7240939426996644, -14.09418697976328, 6.579196036959902, -36.50133080242365, -20.0, -20.0, -20.0
-2.4820776351021414, 2.426437636632799, 0.7057273004491749, -14.100605363340344, 6.601200563221096, -36.9652381995348, -20.0, -20.0, -20.0
-2.4891293500856504, 2.42974391026307, 0.6871281096056399, -14.10625457069539, 6.623893957863291, -37.431525174605355, -20.0, -20.0, -20.0
-2.496183691081833, 2.43306169739786, 0.66829518425957, -14.111109414033928, 6.6472545812959964, -37.9001762096742, -20.0, -20.0, -20.0
-2.503240254445422, 2.436391325746943, 0.6492273473150545, -14.115144040323186, 6.67125881503803, -38.3711715683877, -20.0, -20.0, -20.0
-2.510298623438838, 2.439733110698244, 0.6299234326491061, -14.118331933341857, 6.6958809901643335, -38.8444870954059, -20.0, -20.0, -20.0
-2.517358367901732, 2.4430873542752076, 0.6103822873705389, -14.120645918233235, 6.721093317690864, -39.32009401886302, -20.0, -20.0, -20.0
-2.524419043923483, 2.4464543440600224, 0.590602774176415, -14.122058168770817, 6.746865821567376, -39.79795875763228, -20.0, -20.0, -20.0
-2.5314801935200615, 2.449834352084166, 0.5705837738031745, -14.122540217542639, 6.77316627500755, -40.27804273532976, -20.0, -20.0, -20.0
-2.538541344316761, 2.453227633688154, 0.5503241875685475, -14.12206296925439, 6.799960140944493, -40.76030220317825, -20.0, -20.0, -20.0
-2.5456020092384097, 2.456634426352754, 0.5298229399992433, -14.120596717341115, 6.827210517455986, -41.24468807403821, -20.0, -20.0, -20.0
-2.5526616862087605, 2.460054948504382, 0.5090789815382102, -14.118111164062642, 6.854878089056539, -41.73114577009466, -20.0, -20.0, -20.0
-2.5597198578608356, 2.4634893982978463, 0.4880912913239709, -14.114575444238149, 6.882921084800731, -42.21961508686244, -20.0, -20.0, -20.0
-2.5667759912600827, 2.4669379523800923, 0.466858880033172, -14.109958152750083, 6.911295244182669, -42.710030076333155, -20.0, -20.0, -20.0
-2.5738295376422493, 2.4704007646390997, 0.44538079277603104, -14.104227375916395, 6.939953791847813, -43.202318952230755, -20.0, -20.0, -20.0
-2.5808799321679263, 2.4738779649426, 0.42365611203285775, -14.097350726792401, 6.968847422153685, -43.69640402046241, -20.0, -20.0, -20.0
-2.5879265936957294, 2.4773696578717943, 0.40168396061825656, -14.089295384419161, 6.99792429462298, -44.19220163794226, -20.0, -20.0, -20.0
-2.5949689245760803, 2.480875921455781, 0.37946350465801576, -14.08002813698369, 7.0271300413240905, -44.689622203020896, -20.0, -20.0, -20.0
-2.6020063104675257, 2.484396805912909, 0.3569939565620689, -14.06951542879765, 7.056407787187627, -45.188570180766476, -20.0, -20.0, -20.0
-2.609038120177459, 2.4879323324057614, 0.3342745779753003, -14.057723410935221, 7.085698184221138, -45.68894416630793, -20.0, -20.0, -20.0
-2.6160637055290175, 2.491482491816946, 0.3113046826863833, -14.044617995297918, 7.1149394605156715, -46.190636989360186, -20.0, -20.0, -20.0
-2.6230824012557905, 2.495047243553286, 0.2880836394733182, -14.030164911794508, 7.144067484845351, -46.6935358629, -20.0, -20.0, -20.0
-2.630093524925799, 2.498626514386383, 0.26461087486290746, -14.014329768238563, 7.173015847543183, -47.19752257874307, -20.0, -20.0, -20.0
-2.637096376895977, 2.5022201973378166, 0.24088587578010037, -13.997078112475334, 7.201715958191903, -47.70247375248525, -20.0, -20.0, -20.0
-2.6440902402981346, 2.505828150617489, 0.21690819206200188, -13.978375496154667, 7.230097160497262, -48.20826111990872, -20.0, -20.0, -20.0
-2.6510743810570405, 2.5094501966237415, 0.19267743881039529, -13.958187539468998, 7.258086864512926, -48.714751886517696, -20.0, -20.0, -20.0
-2.6580480479409268, 2.5130861210139104, 0.1681932985559265, -13.936479996076544, 7.285610696162124, -49.22180913135744, -20.0, -20.0, -20.0
-2.665010472644279, 2.516735671853889, 0.14345552320666505, -13.91321881733162, 7.3125926637531276, -49.729292265688315, -20.0, -20.0, -20.0
-2.671960869902324, 2.5203985588550566, 0.11846393575363334, -13.88837021484844, 7.33895534091623, -50.23705754643849, -20.0, -20.0, -20.0
-2.6788984376361196, 2.5240744527065613, 0.09321843170611056, -13.861900720334079, 7.364620065103006, -50.74495864365262, -20.0, -20.0, -20.0
-2.6858223571265887, 2.527762984510459, 0.0677189802300973, -13.83377724154265, 7.38950715048875, -51.25284726040043, -20.0, -20.0, -20.0
-2.6927317932152564, 2.5314637453265343, 0.04196562496429178, -13.803967113128534, 7.413536113811812, -51.760573802821675, -20.0, -20.0, -20.0
-2.699625894528817, 2.535176285832831, 0.015958484489291627, -13.77243814111379, 7.436625911375469, -52.26798809717893, -20.0, -20.0, -20.0
-2.7065037937240044, 2.538900116106959, -0.01030224757249941, -13.739158639635777, 7.458695185136068, -52.774940149985206, -20.0, -20.0, -20.0
-2.713364607748565, 2.5426347055321212, -0.036816302846618285, -13.704097458607148, 7.479662515513097, -53.281280946490305, -20.0, -20.0, -20.0
-2.7202074381134427, 2.546379482830572, -0.06358333890375817, -13.667224000903238, 7.49944667829042, -53.78686328206927, -20.0, -20.0, -20.0
-2.7270313711705914, 2.5501338362258297, -0.09060294037937083, -13.628508227692114, 7.5179669027410325, -54.29154262038137, -20.0, -20.0, -20.0
-2.7338354783901497, 2.553897113733492, -0.11787462052736142, -13.587920650540681, 7.5351431279078875, -54.79517797158097, -20.0, -20.0, -20.0
-2.7406188166300263, 2.557668623578923, -0.1453978232161026, -13.545432308965633, 7.5508962538174424, -55.297632783383676, -20.0, -20.0, -20.0
-2.747380428390305, 2.561447634738452, -0.17317192537130918, -13.501014732149741, 7.565148384296569, -55.79877583744271, -20.0, -20.0, -20.0
-2.754119342044245, 2.565233377599029, -0.20119623986649185, -13.454639883610053, 7.577823058011894, -56.29848214328797, -20.0, -20.0, -20.0
-2.7608345720370684, 2.5690250447296212, -0.22947001885782334, -13.406280087682301, 7.588845464356578, -56.79663382203803, -20.0, -20.0, -20.0
-2.767525119043182, 2.572821791755929, -0.25799245755638844, -13.355907936771994, 7.598142640874242, -57.2931209722224, -20.0, -20.0, -20.0
-2.774189970071978, 2.576622738328406, -0.2867626984270322, -13.303496178412916, 7.605643649032499, -57.78784251035283, -20.0, -20.0, -20.0
-2.7808280985118974, 2.5804269691719983, -0.31577983579946, -13.249017581263718, 7.611279725336641, -58.28070697935834, -20.0, -20.0, -20.0
-2.787438464102028, 2.584233535204583, -0.3450429208739603, -13.192444779257379, 7.614984405002661, -58.771633318642934, -20.0, -20.0, -20.0
-2.79402001282014, 2.588041454709754, -0.37455096710120317, -13.133750093191269, 7.6166936156813145, -59.2605515903284, -20.0, -20.0, -20.0
-2.800571676675713, 2.5918497145484323, -0.4043029559130831, -13.072905329101232, 7.616345739032935, -59.74740365719124, -20.0, -20.0, -20.0
-2.8070923733961872, 2.595657271392762, -0.4342978427795995, -13.009881552795662, 7.613881638286242, -60.23214380887446, -20.0, -20.0, -20.0
-2.8135810059943682, 2.599463052964899, -0.4645345635653504, -12.944648839928915, 7.60924465026246, -60.71473933412926, -20.0, -20.0, -20.0
-2.820036462204591, 2.603265959262639, -0.49501204115840636, -12.877176000961615, 7.602380540696822, -61.19517103809461, -20.0, -20.0, -20.0
-2.826457613774902, 2.607064863753321, -0.5257291923441623, -12.807430280282729, 7.593237422030713, -61.6734337049288, -20.0, -20.0, -20.0
-2.832843315602135, 2.6108586145171206, -0.5566849348972549, -12.735377028649067, 7.581765633167185, -62.14953650744153, -20.0, -20.0, -20.0
-2.839192404696279, 2.6146460353206544, -0.5878781948657937, -12.660979347926697, 7.567917580968325, -62.623503366713614, -20.0, -20.0, -20.0
-2.845503698959983, 2.618425926601775, -0.6193079140239754, -12.584197706890292, 7.551647543513913, -63.095373266013176, -20.0, -20.0, -20.0
-2.851775995768342, 2.622197066346485, -0.6509730574716297, -12.504989526545359, 7.532911435326583, -63.56520052460372, -20.0, -20.0, -20.0
-2.858008070333248, 2.6259582108390394, -0.6828726213623499, -12.423308733079004, 7.511666534890066, -64.03305503827728, -20.0, -20.0, -20.0
-2.8641986738355456, 2.629708095266471, -0.7150056407455758, -12.339105276111596, 7.487871174836036, -64.49902249462625, -20.0, -20.0, -20.0
-2.870346531306925, 2.633445434158966, -0.7473711975122791, -12.252324609407527, 7.461484395144479, -64.96320457218701, -20.0, -20.0, -20.0
-2.876450339241927, 2.637168921647649, -0.7799684284387385, -12.162907130600814, 7.432465559586537, -65.42571913365063, -20.0, -20.0, -20.0
-2.8825087629185253, 2.6408772315214035, -0.8127965333282381, -12.070787575791101, 7.40077393543194, -65.88670042434782, -20.0, -20.0, -20.0
-2.8885204334034875, 2.644569017064297, -0.8458547832563735, -11.975894364056952, 7.36636823614093, -66.34629928819403, -20.0, -20.0, -20.0
-2.8944839442160024, 2.6482429106549215, -0.8791425289319833, -11.878148886002448, 7.329206126357879, -66.80468341424508, -20.0, -20.0, -20.0
-2.900397847619849, 2.6518975231085147, -0.9126592091925427, -11.777464729383597, 7.289243688015673, -67.26203762799243, -20.0, -20.0, -20.0
-2.906260650510603, 2.6555314427419536, -0.9464043596601791, -11.673746833632578, 7.246434845740021, -67.7185642425529, -20.0, -20.0, -20.0
-2.9120708098599324, 2.6591432341406396, -0.9803776215923221, -11.566890563685625, 7.200730749003382, -68.17448348601904, -20.0, -20.0, -20.0
-2.9178267276738272, 2.6627314366047927, -1.0145787509694468, -11.456780691894114, 7.152079107609236, -68.63003402247992, -20.0, -20.0, -20.0
-2.923526745415531, 2.666294562250714, -1.049007627871479, -11.343290274921337, 7.100423476075794, -69.08547358564878, -20.0, -20.0, -20.0
-2.9291691378368503, 2.6698310937400622, -1.0836642662043172, -11.226279410355287, 7.045702481317228, -69.54107974570363, -20.0, -20.0, -20.0
-2.9347521061532507, 2.6733394816070586, -1.1185488238487244, -11.105593855246669, 6.987848986668507, -69.99715083192552, -20.0, -20.0, -20.0
-2.940273770488524, 2.6768181411496608, -1.1536616133157267, -10.981063485847264, 6.9267891837398246, -70.45400703608347, -20.0, -20.0, -20.0
-2.9457321615035856, 2.680265448846042, -1.189003113005835, -10.852500574399725, 6.862441601784441, -70.91199172434918, -20.0, -20.0, -20.0
-2.9511252111108917, 2.6836797382520325, -1.2245739791841541, -10.71969785482435, 6.794716022177731, -71.37147298892747, -20.0, -20.0, -20.0
-2.956450742160711, 2.687059295328373, -1.260375058800053, -10.582426344453168, 6.723512283184204, -71.83284547466823, -20.0, -20.0, -20.0
-2.9617064569676868, 2.690402353138512, -1.2964074032989223, -10.440432883449345, 6.648718957371809, -72.2965325208086, -20.0, -20.0, -20.0
-2.966889924525317, 2.6937070858480414, -1.332672283595079, -10.293437347071853, 6.570211880745398, -72.76298866381853, -20.0, -20.0, -20.0
-2.9719985662316675, 2.696971601945435, -1.3691712063995953, -10.14112947833057, 6.487852508827544, -73.23270255424669, -20.0, -20.0, -20.0
-2.9770296399211578, 2.7001939365902454, -1.4059059321253202, -9.983165279631468, 6.401486070415156, -73.70620034865301, -20.0, -20.0, -20.0
-2.981980221963946, 2.703372042978967, -1.4428784946243212, -9.819162891521314, 6.310939484471475, -74.18404964735032, -20.0, -20.0, -20.0
-2.986847187155421, 2.7065037825999476, -1.480091223051142, -9.648697874379254, 6.216018999451651, -74.66686405993289, -20.0, -20.0, -20.0
-2.9916271860726766, 2.709586914226605, -1.517546766189525, -9.471297794644054, 6.116507507177774, -75.15530849359902, -20.0, -20.0, -20.0
-2.996316619521517, 2.712619081472163, -1.555248119631467, -9.286436000716998, 6.012161475054972, -75.65010527416878, -20.0, -20.0, -20.0
-3.000911609635429, 2.715597798698642, -1.5931986562566163, -9.09352445493105, 5.902707430862069, -76.15204122642825, -20.0, -20.0, -20.0
-3.005407967115909, 2.718520435037241, -1.6314021605279088, -8.891905466987916, 5.7878379235343544, -76.6619758587418, -20.0, -20.0, -20.0
-3.0098011540205105, 2.721384196235973, -1.6698628671966218, -8.680842151418327, 5.667206871392658, -77.18085081611068, -20.0, -20.0, -20.0
-3.014086241410332, 2.7241861040029502, -1.7085855050968228, -8.459507407866838, 5.540424196517593, -77.70970078469304, -20.0, -20.0, -20.0
-3.0182578610623643, 2.7269229724598807, -1.747575346804693, -8.22697120026206, 5.407049631205028, -78.24966604678829, -20.0, -20.0, -20.0
-3.0223101503356182, 2.7295913812604775, -1.7868382650399268, -7.98218589275311, 5.26658557118188, -78.80200689414694, -20.0, -20.0, -20.0
-3.026236689157031, 2.7321876448640827, -1.8263807967889496, -7.723969392898271, 5.118468843239626, -79.36812010194376, -20.0, -20.0, -20.0
-3.0300304279718975, 2.7347077773891137, -1.8662102162228955, -7.4509858665676925, 4.962061256884786, -79.9495576338397, -20.0, -20.0, -20.0
-3.0336836053990335, 2.737147452410457, -1.9063346175490261, -7.1617238419770075, 4.796638828487395, -80.54804767068238, -20.0, -20.0, -20.0
-3.0371876542697795, 2.7395019570214343, -1.9467630089417156, -6.854471641007979, 4.621379615423113, -81.16551790007566, -20.0, -20.0, -20.0
-3.0405330947577647, 2.74176613947487, -1.987505418597054, -6.52729031093227, 4.435350198319919, -81.80412072127814, -20.0, -20.0, -20.0
-3.0437094134986475, 2.7439343497834803, -2.028573013660199, -6.1779846525989335, 4.237491036120938, -82.46625953130228, -20.0, -20.0, -20.0
-3.046704928078607, 2.746000372853852, -2.0699782321537596, -5.804073667238199, 4.026601245364595, -83.15461444294074, -20.0, -20.0, -20.0
-3.0495066372326654, 2.747957354141461, -2.1117349268800067, -5.402762948995976, 3.8013239050721337, -83.87216446204803, -20.0, -20.0, -20.0
-3.0521000588432825, 2.749797718589179, -2.1538585182594745, -4.970923493471977, 3.560133885799145, -84.62220105582372, -20.0, -20.0, -20.0
-3.054469060825874, 2.751513084965895, -2.196366149726959, -4.505084436895647, 3.301331621064349, -85.40832481411417, -20.0, -20.0, -20.0
-3.056595694897386, 2.7530941799733646, -2.2392768339541638, -4.001451849150992, 3.023048408814728, -86.23441209470431, -20.0, -20.0, -20.0
-3.058460050949967, 2.7545307600745232, -2.28261156990664, -3.455972361172933, 2.7232719958193248, -87.10453171519991, -20.0, -20.0, -20.0
-3.060040161379528, 2.7558115544498074, -2.3263933985297967, -2.8644693570697406, 2.3999055053174025, -88.0227827774281, -20.0, -20.0, -20.0
-3.061312001234244, 2.7569242503177764, -2.3706473478373957, -2.2228900617942022, 2.0508779665581325, -88.99301445296757, -20.0, -20.0, -20.0
-3.062249651567005, 2.757855552191752, -2.415400196513871, -1.5277112692502213, 1.6743295293435414, -90.01838025293375, -20.0, -20.0, -20.0
-3.0628257175101212, 2.758591358471878, -2.4606799617556723, -0.7765525032156503, 1.2688955911601127, -91.10068071427176, -20.0, -20.0, -20.0
-3.0630121116853326, 2.7591171086219393, -2.5065150004500345, 0.030975802369852645, 0.8341050090856565, -92.23947406317714, -20.0, -20.0, -20.0
-3.0627813114307614, 2.7594183545277744, -2.552932620114375, 0.8922252159144134, 0.37087861425403745, -93.43100459418581, -20.0, -20.0, -20.0
-3.062108149545533, 2.7594815884251864, -2.5999571533422072, 1.8004223249983897, -0.11794302460621936, -94.66712831714334, -20.0, -20.0, -20.0
-3.0609720767378934, 2.759295304260223, -2.647607581938587, 2.7438689055609213, -0.6271936352471212, -95.93458606837478, -20.0, -20.0, -20.0
-3.0593596377416823, 2.7588511775643787, -2.6958950024179984, 3.7058870792837504, -1.1493131481311396, -97.2150958492719, -20.0, -20.0, -20.0
-3.0572666886492605, 2.7581451462241953, -2.744820439394323, 4.66590929040348, -1.6748122126033869, -98.48665205602563, -20.0, -20.0, -20.0
-3.05469977345389, 2.7571781182229147, -2.794373607907322, 5.601751491077609, -2.1932997925180575, -99.72602199597118, -20.0, -20.0, -20.0
-3.0516761982484435, 2.7559560826223253, -2.844533075620757, 6.492549330709062, -2.694842609839026, -100.91184885776855, -20.0, -20.0, -20.0
-3.0482226999695383, 2.7544895634714113, -2.89526788544992, 7.321443784911862, -3.171233993816236, -102.02739045888333, -20.0, -20.0, -20.0
-3.044373038991335, 2.7527925586971875, -2.94654024994073, 8.077200127902948, -3.616785103078758, -103.06206750435601, -20.0, -20.0, -20.0
-3.0401651212599474, 2.750881239634678, -2.998308659539933, 8.754470797646649, -4.028491146958453, -104.01157089245594, -20.0, -20.0, -20.0
-3.035638259768232, 2.7487726947510076, -3.0505307675059186, 9.352975169216045, -4.405688387724028, -104.87686097148676, -20.0, -20.0, -20.0
-3.030830981306731, 2.746483910522991, -3.1031656452244025, 9.87613867678812, -4.749448524343356, -105.66264990244922, -20.0, -20.0, -20.0
-3.025779525937386, 2.7440310637226633, -3.156175278130763, 10.329682800591492, -5.061938676966974, -106.37588172299303, -20.0, -20.0, -20.0
-3.020516991618531, 2.741429108117281, -3.209525373478385, 10.720454474829536, -5.345883744562014, -107.02449966749337, -20.0, -20.0, -20.0
-3.0150729806846783, 2.7386915926111186, -3.2631856445523546, 11.055589260580478, -5.604178280088442, -107.6165846283851, -20.0, -20.0, -20.0
-3.009473587373346, 2.7358306382135926, -3.3171297475790364, 11.341983984748829, -5.8396393100154675, -108.15982747834235, -20.0, -20.0, -20.0
-3.003741589566455, 2.7328570112278676, -3.371335017639035, 11.586007242814844, -6.0548686328851336, -108.66125276165069, -20.0, -20.0, -20.0
-2.997896744762419, 2.7297802464713175, -3.4257821084386255, 11.793371973328911, -6.252190393314788, -109.12711043671221, -20.0, -20.0, -20.0
-2.9919561246782997, 2.7266087899455558, -3.480454603394493, 11.969108363148488, -6.433635709732761, -109.56286938675836, -20.0, -20.0, -20.0
-2.985934449302363, 2.7233501424988567, -3.5353386373256517, 12.11759314059858, -6.600954077063401, -109.97326633787561, -20.0, -20.0, -20.0
-2.9798443993546875, 2.7200109944246385, -3.5904225490314925, 12.24260665010344, -6.755638219809784, -110.36238048548732, -20.0, -20.0, -20.0
-2.9736968975996674, 2.7165973463119086, -3.645696573189456, 12.3474003699774, -6.898954231109623, -110.73371614636689, -20.0, -20.0, -20.0
-2.9675013562355375, 2.713114614673883, -3.7011525731475117, 12.434765086542782, -7.031972320993486, -111.09028368585659, -20.0, -20.0, -20.0
-2.961265891292696, 2.709567722666132, -3.7567838125404625, 12.50709468482297, -7.155595710009447, -111.43467388594738, -20.0, -20.0, -20.0
-2.954997506784972, 2.7059611771037178, -3.812584761963324, 12.566443346074768, -7.270586539647423, -111.76912380549932, -20.0, -20.0, -20.0
-2.9487022520631787, 2.702299133359128, -3.8685509363604376, 12.614575541098207, -7.377588438710506, -112.0955737829544, -20.0, -20.0, -20.0
-2.9423853559150444, 2.698585449799088, -3.924678758819173, 12.653009051438435, -7.477145801450248, -112.41571605198796, -20.0, -20.0, -20.0
-2.936051340740111, 2.6948237333385787, -3.9809654467841042, 12.683051648293352, -7.569720040587031, -112.73103580773676, -20.0, -20.0, -20.0
-2.9297041197768574, 2.691017377537157, -4.037408917155139, 12.705832204721558, -7.655703165099737, -113.04284567640046, -20.0, -20.0, -20.0
-2.923347079968794, 2.6871695944826715, -4.094007707205189, 12.722327027532344, -7.735429052842027, -113.35231452380071, -20.0, -20.0, -20.0
-2.9169831526770187, 2.6832834415260765, -4.150760908700634, 12.733382139569585, -7.80918277353845, -113.66049145797795, -20.0, -20.0, -20.0
-2.910614874102165, 2.679361843760958, -4.207668113009031, 12.739732159844179, -7.877208286934667, -113.96832577561106, -20.0, -20.0, -20.0
-2.9042444369773954, 2.675407612988191, -4.264729365326044, 12.74201633923441, -7.939714804133637, -114.27668349244115, -20.0, -20.0, -20.0
-2.8978737348365926, 2.6714234637714065, -4.321945126447678, 12.740792223976724, -7.996882063005395, -114.58636099409343, -20.0, -20.0, -20.0
-2.891504399944923, 2.667412027072196, -4.379316240758719, 12.73654734270244, -8.048864733835766, -114.89809625007031, -20.0, -20.0, -20.0
-2.88513783579753, 2.6633758618536487, -4.436843909309109, 12.729709246868158, -8.095796140353633, -115.2125779514906, -20.0, -20.0, -20.0
-2.8787752449410866, 2.6593174649549702, -4.494529667012502, 12.720654178905136, -8.137791454361192, -115.53045286207961, -20.0, -20.0, -20.0
-2.872417652747287, 2.6552392794665467, -4.552375363130772, 12.709714596293606, -8.174950499332532, -115.85233161100139, -20.0, -20.0, -20.0
-2.866065927662774, 2.6511437017719044, -4.610383144309571, 12.69718574175769, -8.207360279237358, -116.17879310419366, -20.0, -20.0, -20.0
-2.859720798372701, 2.647033087368833, -4.668555439507322, 12.68333141853423, -8.235097333048564, -116.51038768681038, -20.0, -20.0, -20.0
-2.853382868242084, 2.6429097555349736, -4.7268949462170955, 12.668389103934608, -8.25823000238856, -116.84763915228574, -20.0, -20.0, -20.0
-2.8470526273378334, 2.6387759928621284, -4.785404617420861, 12.652574513066638, -8.276820688992661, -117.1910456627747, -20.0, -20.0, -20.0
-2.840730462282908, 2.634634055647503, -4.844087648741801, 12.636085706634525, -8.29092816950738, -117.54107962098439, -20.0, -20.0, -20.0
-2.834416664150913, 2.630486171098392, -4.902947465275727, 12.619106821346833, -8.300610026938637, -117.89818651471919, -20.0, -20.0, -20.0
-2.828111434573597, 2.62633453727913, -4.961987707590209, 12.601811487917042, -8.305925250107746, -118.26278274321017, -20.0, -20.0, -20.0
-2.8218148902042857, 2.622181321705605, -5.021212216383321, 12.584365989328465, -8.306937043991484, -118.63525242923872, -20.0, -20.0, -20.0
-2.8155270656568425, 2.618028658473609, -5.080625015296701, 12.566932200444814, -8.303715883992286, -119.01594322428258, -20.0, -20.0, -20.0
-2.809247915022039, 2.6138786437938246, -5.140230291384467, 12.549670338769229, -8.296342835145627, -119.40516112677925, -20.0, -20.0, -20.0
-2.8029773120511243, 2.6097333297994956, -5.200032372755572, 12.532741544889031, -8.28491314217003, -119.8031643576448, -20.0, -20.0, -20.0
-2.79671504908997, 2.6055947164946214, -5.260035702938459, 12.516310299727225, -8.269540077327065, -120.21015637390205, -20.0, -20.0, -20.0
-2.790460834846498, 2.6014647417228636, -5.32024481156989, 12.500546674161836, -8.250359009704095, -120.62627815182451, -20.0, -20.0, -20.0
-2.7842142910791843, 2.597345269062554, -5.380664281091799, 12.48562839509363, -8.227531631535202, -121.0515999358104, -20.0, -20.0, -20.0
-2.777974948305129, 2.593238073593454, -5.441298709257604, 12.471742701127022, -8.201250244864674, -121.48611272740932, -20.0, -20.0, -20.0
-2.771742240641981, 2.589144825538151, -5.502152667408906, 12.459087951464278, -8.171741976348471, -121.9297198777962, -20.0, -20.0, -20.0
-2.7655154999179907, 2.585067071856211, -5.563230654688677, 12.4478749444982, -8.139272751409331, -122.38222924129212, -20.0, -20.0, -20.0
-2.7592939492070414, 2.581006215962205, -5.624537048608768, 12.43832789929878, -8.10415082461526, -122.84334643906874, -20.0, -20.0, -20.0
-2.7530766959683985, 2.5769634958471643, -5.686076052683442, 12.430685055272455, -8.066729635547755, -123.31266985962904, -20.0, -20.0, -20.0
-2.746862724991017, 2.572939961002258, -5.7478516421663555, 12.425198854253477, -8.027409744077106, -123.78968807202408, -20.0, -20.0, -20.0
-2.7406508913558576, 2.5689364486657715, -5.809867509267751, 12.422135686384886, -7.986639601868506, -124.27378033355939, -20.0, -20.0, -20.0
-2.7344399136325315, 2.5649535600293727, -5.872127009556425, 12.421775206919769, -7.944914943727613, -124.76422082113356, -20.0, -20.0, -20.0
-2.728228367514538, 2.56099163713416, -5.934633111534992, 12.42440926505354, -7.902776637122285, -125.26018709313382, -20.0, -20.0, -20.0
-2.7220146800666996, 2.557050741246864, -5.997388351581491, 12.430340526300068, -7.860806912062237, -125.76077309286265, -20.0, -20.0, -20.0
-2.715797124706737, 2.553130633517957, -6.060394796539939, 12.439880913549574, -7.819624003565972, -126.26500674093218, -20.0, -20.0, -20.0
-2.709573816969755, 2.5492307586751877, -6.12365401618801, 12.453350034378994, -7.779875367511598, -126.77187185135115, -20.0, -20.0, -20.0
-2.703342711011575, 2.545350232391932, -6.187167067594502, 12.471073798340672, -7.742229765511377, -127.28033377461753, -20.0, -20.0, -20.0
-2.697101596698755, 2.5414878327905313, -6.250934493003287, 12.493383452939508, -7.70736864009133, -127.78936786052259, -20.0, -20.0, -20.0
-2.690848097016234, 2.537641996305115, -6.3149563323649875, 12.520615277143474, -7.675977301573522, -128.29798958627862, -20.0, -20.0, -20.0
-2.6845796654056873, 2.5338108178525904, -6.379232151024125, 12.55311116504407, -7.648736508525552, -128.80528505026905, -20.0, -20.0, -20.0
-2.67829358253669, 2.529992054966576, -6.443761082415258, 12.591220310945415, -7.626315035531538, -129.31044051426505, -20.0, -20.0, -20.0
-2.6719869519152564, 2.526183135261752, -6.508541884992693, 12.635302174789338, -7.609363783765445, -129.81276979547366, -20.0, -20.0, -20.0
-2.665656693654119, 2.522381166338856, -6.573573012079645, 12.685730869761409, -7.598511907820387, -130.31173855233726, -20.0, -20.0, -20.0
-2.6592995356667446, 2.5185829470319496, -6.638852692928945, 12.742901079734855, -7.594365319804872, -130.80698484486308, -20.0, -20.0, -20.0
-2.652912001499206, 2.5147849787503453, -6.704379023075158, 12.807235590420126, -7.5975078066129935, -131.29833573998806, -20.0, -20.0, -20.0
-2.6464903939738464, 2.5109834755793394, -6.770150062042688, 12.87919451101686, -7.608504877411071, -131.78582013013275, -20.0, -20.0, -20.0
-2.64003077377681, 2.5071743717693282, -6.836163936649807, 12.959286277128449, -7.627910362634248, -132.2696782983403, -20.0, -20.0, -20.0
-2.6335289320668545, 2.503353325247254, -6.902418948491055, 13.048080562694222, -7.656275725662362, -132.75036906665326, -20.0, -20.0, -20.0
-2.626980356104054, 2.4995157158081227, -6.96891368465515, 13.146223288507832, -7.69416203086395, -133.22857558972402, -20.0, -20.0, -20.0
-2.6203801867830716, 2.495656636665792, -7.035647131302666, 13.254453995421573, -7.742154538459595, -133.70521100033855, -20.0, -20.0, -20.0
-2.613723166797263, 2.4917708780399934, -7.102618790348915, 13.373625947813363, -7.800879964734806, -134.18142518465754, -20.0, -20.0, -20.0
-2.6070035779499086, 2.487852901411505, -7.169828800138641, 13.504729441603553, -7.871026549218479, -134.65861397425004, -20.0, -20.0, -20.0
-2.6002151658639594, 2.4838968029743045, -7.237278061632034, 13.648918902193847, -7.953367199584042, -135.1384319993194, -20.0, -20.0, -20.0
-2.5933510500243058, 2.479896264642332, -7.304968372220287, 13.807544456419778, -8.048786128305496, -135.62281035369443, -20.0, -20.0, -20.0
-2.5864036167294, 2.475844490726384, -7.37290256982373, 13.982188723204494, -8.158309535487122, -136.1139800600775, -20.0, -20.0, -20.0
-2.5793643921624994, 2.471734128091826, -7.441084690350486, 14.174709544397166, -8.28314100274433, -136.61450204694478, -20.0, -20.0, -20.0
-2.572223892478932, 2.46755716726681, -7.50952014182789, 14.387289189873451, -8.424702297319655, -137.12730386267197, -20.0, -20.0, -20.0
-2.564971447661353, 2.463304821651813, -7.578215898416285, 14.622490080440455, -8.584680162667143, -137.65572249090587, -20.0, -20.0, -20.0
-2.5575949961301827, 2.4589673817986264, -7.647180716817567, 14.883316044241472, -8.765079250080602, -138.20355111422205, -20.0, -20.0, -20.0
-2.5500808480754302, 2.4545340418899135, -7.716425375859536, 15.173276174769171, -8.968280384770987, -138.7750850536546, -20.0, -20.0, -20.0
-2.542413417808372, 2.4499926964276098, -7.785962936550791, 15.496444893463375, -9.197101464444462, -139.3751577113679, -20.0, -20.0, -20.0
-2.534574930094143, 2.4453297073495937, -7.855809013531121, 15.857505963452239, -9.454854847619982, -140.00915020995188, -20.0, -20.0, -20.0
-2.5265451138983823, 2.4405296463279074, -7.925982037932886, 16.26175881959157, -9.74538923912493, -140.68294739710572, -20.0, -20.0, -20.0
-2.5183009113054307, 2.4355750253178376, -7.9965034740342, 16.71505155221587, -10.073094801153434, -141.4027970081523, -20.0, -20.0, -20.0
-2.5098162519150127, 2.430446042416845, -8.067397925402343, 17.223586009456213, -10.442836802817268, -142.17500846441874, -20.0, -20.0, -20.0
-2.5010619754933336, 2.4251203915979698, -8.138693029384998, 17.793519677259894, -10.859766472684267, -143.00540746619632, -20.0, -20.0, -20.0
-2.4920060264839123, 2.4195732142190747, -8.210418995080138, 18.43027636042488, -11.328943042896706, -143.89845531436515, -20.0, -20.0, -20.0
-2.4826140834593073, 2.4137773030105945, -8.28260760262635, 19.137495737995717, -11.854701791024862, -144.85597487047863, -20.0, -20.0, -20.0
-2.4728508004097174, 2.4077036916885026, -8.355290480954231, 19.915636460363213, -12.4397434973433, -145.87553844105076, -20.0, -20.0, -20.0
-2.462681783614871, 2.4013227487122757, -8.428496564765071, 20.76043071902115, -13.084028407565208, -146.9487968023069, -20.0, -20.0, -20.0
-2.4520762638772458, 2.3946058085175936, -8.50224884465305, 21.661648231480726, -13.783732371162868, -148.06032274960472, -20.0, -20.0, -20.0
-2.441010145978208, 2.3875272031772337, -8.576560857074462, 22.602823364669675, -14.530688990277072, -149.1877269360472, -20.0, -20.0, -20.0
-2.429468818102089, 2.380066345627533, -8.65143368846647, 23.562488139806607, -15.312741208524693, -150.30359863198936, -20.0, -20.0, -20.0
-2.4174489708464724, 2.3722093768757078, -8.726854366045739, 24.516900882659883, -16.1151337987767, -151.37911168508126, -20.0, -20.0, -20.0
-2.40495886836517, 2.3639499448665835, -8.802796208887797, 25.443509042548285, -16.922594237720748, -152.3882596831496, -20.0, -20.0, -20.0
-2.3920169956536883, 2.3552889447575796, -8.879221099066548, 26.323981803379585, -17.721406198295455, -153.3113010318556, -20.0, -20.0, -20.0
-2.378649520080027, 2.3462333830459454, -8.956083032289289, 27.145920491265624, -18.50084064824046, -154.13643185910462, -20.0, -20.0, -20.0
-2.364887276337038, 2.3367947497385773, -9.033332038635724, 27.903054480688898, -19.253692581231487, -154.85959352663636, -20.0, -20.0, -20.0
-2.350762930506052, 2.3269873101670098, -9.110917690636924, 28.594328843257152, -19.976065705038465, -155.48301447816672, -20.0, -20.0, -20.0
-2.3363087246519694, 2.3168266103268227, -9.188791762050677, 29.222494573072872, -20.666733655710406, -156.0132711768416, -20.0, -20.0, -20.0
-2.3215549276071354, 2.306328330746063, -9.26690994437409, 29.792693606262674, -21.326384667328202, -156.4594581168105, -20.0, -20.0, -20.0
-2.306528928730038, 2.2955074993720164, -9.34523274773987, 30.311301902126996, -21.956940828858556, -156.83175534630954, -20.0, -20.0, -20.0
-2.291254827159044, 2.2843780066706336, -9.423725798912074, 30.785104381849592, -22.56102997667189, -157.14044934250364, -20.0, -20.0, -20.0
-2.275753358665254, 2.2729523451370706, -9.502359746666357, 31.220769593310802, -23.14161615757979, -157.39534167463106, -20.0, -20.0, -20.0
-2.2600420278936233, 2.261241500633898, -9.581109942639507, 31.624553493211387, -23.70176185511125, -157.60544221797127, -20.0, -20.0, -20.0
-2.2441353493102403, 2.249254938361891, -9.659956015689525, 32.00216084031991, -24.244487232916484, -157.77884998209927, -20.0, -20.0, -20.0
-2.228045132437355, 2.237000642707363, -9.738881414829763, 32.35870665122107, -24.772695385195668, -157.92274657885193, -20.0, -20.0, -20.0
-2.211780771615903, 2.224485183865031, -9.817872964072905, 32.698736634588016, -25.289139984132465, -158.0434503937149, -20.0, -20.0, -20.0
-2.19534951759178, 2.2117137941237934, -9.89692045121279, 33.02627946190389, -25.79641898081626, -158.14649816582687, -20.0, -20.0, -20.0
-2.1787567192345034, 2.1986904434241556, -9.976016259255788, 33.34491396720217, -26.296983817734965, -158.23673400616732, -20.0, -20.0, -20.0
-2.1620060304196445, 2.1854179080252636, -10.055155041434897, 33.65784129223295, -26.793157777833688, -158.3183947102721, -20.0, -20.0, -20.0
-2.1450995809878344, 2.171897828608507, -10.134333436550271, 33.96795643500814, -27.287159889193063, -158.39518575122042, -20.0, -20.0, -20.0
-2.128038112777434, 2.158130755491042, -10.213549819395807, 34.277916406591984, -27.781132580667446, -158.47034563092302, -20.0, -20.0, -20.0
-2.110821082711036, 2.144116179255482, -10.292804080332303, 34.59020385900154, -28.277172361573705, -158.5466981150615, -20.0, -20.0, -20.0
-2.093446735237452, 2.1298525453084016, -10.372097428067322, 34.90718603533362, -28.777363426747996, -158.626692825018, -20.0, -20.0, -20.0
-2.07591214635781, 2.115337250839819, -10.451432210040776, 35.231169483233906, -29.283814447582767, -158.7124350687957, -20.0, -20.0, -20.0
-2.058213241153863, 2.1005666224717876, -10.530811745281701, 35.564451332554796, -29.79869902454315, -158.8057058949, -20.0, -20.0, -20.0
-2.040344786278569, 2.0855358726083963, -10.610240165079912, 35.90936816862018, -30.324300429021438, -158.90797329794, -20.0, -20.0, -20.0
-2.0223003583127133, 2.070239032150324, -10.689722257251695, 36.26834369480392, -30.86306140326681, -159.020395389192, -20.0, -20.0, -20.0
-2.00407228826134, 2.0546688568128584, -10.769263310157468, 36.643936510689485, -31.417639946596328, -159.14381623389764, -20.0, -20.0, -20.0
-1.9856515817680294, 2.0388167037733544, -10.848868952964603, 37.0388894625531, -31.990972211419674, -159.27875499464037, -20.0, -20.0, -20.0
-1.9670278138585988, 2.022672374751722, -10.928544988973512, 37.45618217516904, -32.58634387511038, -159.42538904099672, -20.0, -20.0, -20.0
-1.9481889961716021, 2.006223920869247, -11.008297219188456, 37.899088572817504, -33.20747165479062, -159.58353181878624, -20.0, -20.0, -20.0
-1.929121413660258, 1.9894574037033395, -11.088131253779265, 38.37124147255924, -33.858597008839205, -159.75260654444514, -20.0, -20.0, -20.0
-1.9098094266113743, 1.9723566058134299, -11.168052309722055, 38.876706722975335, -34.54459455079897, -159.9316172267138, -20.0, -20.0, -20.0
-1.8902352324507121, 1.954902682591167, -11.248064993814081, 39.42006991967365, -35.27109833825225, -160.11911914138804, -20.0, -20.0, -20.0
-1.8703785800883077, 1.9370737454883364, -11.328173071527157, 40.00653952994425, -36.044650073070486, -160.31319171091454, -20.0, -20.0, -20.0
-1.8502164273530668, 1.9188443643473594, -11.408379223897867, 40.64207141101926, -36.872874490838136, -160.51141777192885, -20.0, -20.0, -20.0
-1.8297225291586698, 1.900184973467219, -11.488684796949318, 41.33352136656866, -37.764689029723556, -160.71087443387535, -20.0, -20.0, -20.0
-1.8088669401209114, 1.8810611618187314, -11.56908955108281, 42.08883478446472, -38.730557564226665, -160.90814210009285, -20.0, -20.0, -20.0
-1.7876154099560155, 1.8614328219181002, -11.649591421527141, 42.917285875119276, -39.78280203829809, -161.09933967723353, -20.0, -20.0, -20.0
-1.7659286424645455, 1.8412531234226077, -11.730186305314811, 43.82978409076063, -40.93599194367197, -161.2801954734503, -20.0, -20.0, -20.0
-1.743761378261605, 1.8204672652290916, -11.810867895371231, 44.8392727210012, -42.207440830392244, -161.4461647522304, -20.0, -20.0, -20.0
-1.7210612461758503, 1.799010941762311, -11.89162758817318, 45.96125562201766, -43.61785303673053, -161.59260645556043, -20.0, -20.0, -20.0
-1.6977673061587493, 1.776808432220512, -11.9724544981796, 47.21450444638631, -45.19218513046593, -161.71503357011963, -20.0, -20.0, -20.0
-1.6738081741180646, 1.7537701811206199, -12.053335620259963, 48.622023716352516, -46.96081926910225, -161.80945475133677, -20.0, -20.0, -20.0
-1.6490995707149496, 1.7297896771321124, -12.13425619160389, 50.21238989610711, -48.96119668492774, -161.87283062437206, -20.0, -20.0, -20.0
-1.6235410626292361, 1.7047393427811468, -12.215200319078424, 52.02164244674654, -51.24014071893486, -161.9036792737589, -20.0, -20.0, -20.0
-1.5970116504783118, 1.6784649996627519, -12.296151960477369, 54.0960061569511, -53.85723175464457, -161.9028863220255, -20.0, -20.0, -20.0
-1.5693636751094873, 1.6507782364528434, -12.377096385433138, 56.49589531834701, -56.88982108498939, -161.87481350104744, -20.0, -20.0, -20.0
-1.540414213779239, 1.6214456150498582, -12.458022306274442, 59.30195000264593, -60.44066452695111, -161.82886986417282, -20.0, -20.0, -20.0
