-0.018599800942622608, 0.02984673596597616, -0.0046418571807877625, -66.46973140800078, 106.67669003030055, -16.54296573820645, -20.0, 20.0, 20.0
-0.03259436797587328, 0.052193863477446936, -0.007741939573260249, 10.491463274998125, -17.288179984417425, 4.142636168316503, -20.0, -20.0, 20.0
-0.03716768680363803, 0.059290780450991516, -0.008052698649789181, -28.78473858605713, 45.675847878595754, -5.385672474432237, -20.0, 20.0, 20.0
-0.0569604021842406, 0.09076937236707583, -0.011991646719358127, -50.38612293635317, 80.23851978574149, -10.370119803843547, -20.0, 20.0, 20.0
-0.07601945712994818, 0.12100516902292156, -0.015465513564915195, -25.85009684647712, 40.70466683764144, -3.525347578384727, -20.0, 20.0, 20.0
-0.09021643507762414, 0.14336281841567994, -0.017411702291031003, -30.937814944226723, 48.725930733392076, -4.259407326078507, -20.0, 20.0, 20.0
-0.10512323275616141, 0.1667896171580739, -0.019258194786306786, -28.68937576992236, 44.98126423618366, -3.126562655024631, -20.0, 20.0, 20.0
-0.11904594885752329, 0.18856935674160732, -0.020574553234510712, -27.001488635525135, 42.13769409795006, -2.1388711377910643, -20.0, 20.0, 20.0
-0.13221625407411197, 0.20907442970400433, -0.021420822392281897, -25.679732230829632, 39.882597751638016, -1.246205493293679, -20.0, 20.0, 20.0
-0.14478790157682656, 0.2285519546077346, -0.0218369733395248, -24.60685778002868, 38.02750186328296, -0.41839829567793807, -20.0, 20.0, 20.0
-0.1568678036138602, 0.24717375517983317, -0.02185092917599817, -23.71275036810592, 36.459700425111365, 0.36257494978446503, -20.0, 20.0, 20.0
-0.16853412182333322, 0.26506544020711165, -0.021483225452594595, -22.952522469786125, 35.10703968400249, 1.1082399438298238, -20.0, 20.0, 20.0
-0.17984621495950787, 0.28232239431041856, -0.02074957289809175, -22.29585007491246, 33.92077672922512, 1.8263702741815595, -20.0, 20.0, 20.0
-0.19085051824759316, 0.2990192291139374, -0.019662372275901126, -21.72136307742875, 32.86656248485041, 2.5224322145809355, -20.0, 20.0, 20.0
-0.2015842291733094, 0.3152157084238627, -0.01823166427031874, -21.213480625436226, 31.919354754850836, 3.200399807748609, -20.0, 20.0, 20.0
-0.21207772961055402, 0.3309606421514761, -0.01646575390387635, -20.760521123542286, 31.060380155602612, 3.863241658020963, -20.0, 20.0, 20.0
-0.22235623977537072, 0.3462945454341327, -0.014371637100398533, -20.353519535724505, 30.275232975023858, 4.513225555890296, -20.0, 20.0, 20.0
-0.23244098415102304, 0.36125151326469845, -0.011955301546377497, -19.985457966884827, 29.55263834723924, 5.1521166601938475, -20.0, 20.0, 20.0
-0.24235003574262795, 0.37586057803934575, -0.009221944697298631, -19.6507483995348, 28.883620751349888, 5.781310736121618, -20.0, 20.0, 20.0
-0.25209894160098045, 0.3901467154934154, -0.006176135441604955, -19.344875033875276, 28.26092906492863, 6.401926286653086, -20.0, 20.0, 20.0
-0.26170119558193644, 0.40413160506338414, -0.0028219364120847744, -19.064140889948778, 27.67862921494632, 7.014869831427638, -20.0, 20.0, 20.0
-0.27116860190792114, 0.417834214706764, 0.0008370018349935855, -18.80548441398998, 27.131809358573214, 7.620883156885803, -20.0, 20.0, 20.0
-0.28051155906946434, 0.43127125766141566, 0.004797367166087007, -18.56634423218282, 26.616362460033343, 8.220578167487883, -20.0, 20.0, 20.0
-0.28973928456041903, 0.44445755408748433, 0.009056127464621193, -18.344557731635877, 26.128823244241335, 8.814463026648864, -20.0, 20.0, 20.0
-0.29885999495898574, 0.4574063209199972, 0.013610483736728601, -18.138283862631027, 25.666244085810185, 9.402962061780773, -20.0, 20.0, 20.0
-0.3078810518200293, 0.47012940675522613, 0.01845783203431935, -17.94594358154314, 25.22609925510549, 9.986431128582215, -20.0, 20.0, 20.0
-0.3168090810505011, 0.4826374841030699, 0.02359573222097238, -17.76617334034413, 24.806210136269474, 10.565169618029909, -20.0, 20.0, 20.0
-0.3256500714756363, 0.49494020818029655, 0.02902188211211253, -17.597788360196688, 24.404686172637078, 11.139429946530688, -20.0, 20.0, 20.0
-0.3344094568996994, 0.5070463491626648, 0.034734095882604746, -17.43975333605589, 24.019877756835836, 11.709425135438186, -20.0, 20.0, 20.0
-0.34309218494644433, 0.5189639031764643, 0.0407302858973167, -17.29115885092377, 23.650338298362524, 12.275334923409629, -20.0, 20.0, 20.0
-0.3517027752151994, 0.5307001861055276, 0.047008447313235925, -17.151202224096387, 23.294793417890713, 12.83731074026727, -20.0, 20.0, 20.0
-0.3602453687303979, 0.5422619133925737, 0.05356664494551873, -17.019171836697673, 22.95211573029363, 13.39547978886394, -20.0, 20.0, 20.0
-0.36872377024183756, 0.553655268337682, 0.06040300199820318, -16.894434209060783, 22.62130405013966, 13.949948421873847, -20.0, 20.0, 20.0
-0.3771414846126644, 0.5648859608817843, 0.06751569034284723, -16.776423274246557, 22.301466126269688, 14.500804956702371, -20.0, 20.0, 20.0
-0.38550174828571604, 0.5759592784669961, 0.07490292209183584, -16.664631417960116, 21.991804214577446, 15.048122039252066, -20.0, 20.0, 20.0
-0.3938075566276065, 0.5868801302581393, 0.08256294226238341, -16.55860194960186, 21.691602949995218, 15.59195864293822, -20.0, 20.0, 20.0
-0.4020616878001907, 0.5976530857690655, 0.09049402236584526, -16.45792274073472, 21.40021909370931, 16.132361770909192, -20.0, 20.0, 20.0
-0.4102667236908556, 0.6082824087473759, 0.09869445478740597, -16.362220821924975, 21.117072819532392, 16.669367915333645, -20.0, 20.0, 20.0
-0.4184250683391003, 0.6187720870200368, 0.10716254784542739, -16.271157771053836, 20.84164027111109, 17.203004316752008, -20.0, 20.0, 20.0
-0.4265389642215976, 0.6291258588813861, 0.11589662143912685, -16.18442575893519, 20.57344717428564, 17.73329005804581, -20.0, 20.0, 20.0
-0.43461050669725665, 0.6393472365074883, 0.1248950032088798, -16.101744143700966, 20.312063330123244, 18.260237020965985, -20.0, 20.0, 20.0
-0.442641656864586, 0.6494395268016767, 0.13415602514610767, -16.022856525616366, 20.05709784663077, 18.783850727945488, -20.0, 20.0, 20.0
-0.4506342530434947, 0.6594058500115677, 0.14367802060003879, -15.947528190018282, 19.808194992933288, 19.304131087778995, -20.0, 20.0, 20.0
-0.4585900210607174, 0.6692491564048749, 0.15345932163709372, -15.87554387887247, 19.565030580295588, 19.821073060440703, -20.0, 20.0, 20.0
-0.4665105834908681, 0.6789722412476759, 0.16349825671561566, -15.80670584173036, 19.327308790908287, 20.33466725364706, -20.0, 20.0, 20.0
-0.4743974679825948, 0.6885777582925853, 0.17379314864443116, -15.740832125176404, 19.094759388729344, 20.844900461614902, -20.0, 20.0, 20.0
-0.48225211478054075, 0.6980682319541511, 0.1843423127985124, -15.67775506660739, 18.86713525753419, 21.351756154710078, -20.0, 20.0, 20.0
-0.4900758835381168, 0.7074460683235844, 0.19514405556900102, -15.617319963696945, 18.64421022019868, 21.855214927244358, -20.0, 20.0, 20.0
-0.4978700595028963, 0.716713565153764, 0.20619667302818595, -15.559383895421133, 18.425777100520047, 22.355254909495336, -20.0, 20.0, 20.0
-0.505635859145314, 0.7258729209276154, 0.21749844979282093, -15.503814674249277, 18.211645994884936, 22.851852149044607, -20.0, 20.0, 20.0
-0.5133744352919242, 0.7349262431078534, 0.22904765807151073, -15.450489912191529, 18.0016427260671, 23.344980965714605, -20.0, 20.0, 20.0
-0.5210868818164626, 0.7438755556532639, 0.2408425568838651, -15.399296185962223, 17.7956074555752, 23.834614283702916, -20.0, 20.0, 20.0
-0.5287742379351187, 0.7527228058757647, 0.25288139144077576, -15.35012828866222, 17.593393434428084, 24.320723943939736, -20.0, 20.0, 20.0
-0.5364374921465795, 0.7614698707031554, 0.2651623926765632, -15.30288855718109, 17.3948658751347, 24.803280999210003, -20.0, 20.0, 20.0
-0.5440775858523831, 0.7701185624044635, 0.27768377692490837, -15.257486266033013, 17.19990093009769, 25.282255994170484, -20.0, 20.0, 20.0
-0.551695416688796, 0.7786706338279188, 0.29044374573146137, -15.213837079618331, 17.008384763723548, 25.757619232041492, -20.0, 20.0, 20.0
-0.5592918415976971, 0.7871277831956679, 0.3034404857968348, -15.171862555986298, 16.820212707272862, 26.22934102945217, -20.0, 20.0, 20.0
-0.5668676796607177, 0.7954916584942298, 0.31667216904436274, -15.131489696096358, 16.63528848697444, 26.69739196065965, -20.0, 20.0, 20.0
-0.5744237147180824, 0.8037638614952732, 0.3301369528075624, -15.092650533362184, 16.45352351719954, 27.16174309213895, -20.0, 20.0, 20.0
-0.5819606977911571, 0.8119459514374688, 0.34383298013268376, -15.055281758936557, 16.274836251582727, 27.62236620834658, -20.0, 20.0, 20.0
-0.5894793493255848, 0.8200394483968427, 0.35775838019209355, -15.019324378774085, 16.09915158591261, 28.079234029292664, -20.0, 20.0, 20.0
-0.5969803612700302, 0.8280458363701766, 0.3719112688045191, -14.984723399007638, 15.926400307422849, 28.532320420409462, -20.0, 20.0, 20.0
-0.6044643990039335, 0.8359665660934851, 0.3862897490583906, -14.951427536605536, 15.75651858581124, 28.98160059507656, -20.0, 20.0, 20.0
-0.6119321031262474, 0.8438030576154175, 0.40089191203467256, -14.919388952650252, 15.5894475019186, 29.427051310051446, -20.0, 20.0, 20.0
-0.619384091115886, 0.851556702643528, 0.41571583762567477, -14.888563005904196, 15.42513261052325, 29.868651053957304, -20.0, 20.0, 20.0
-0.6268209588735149, 0.8592288666796994, 0.4307595954463881, -14.858908024611168, 15.263523534162639, 30.30638022889587, -20.0, 20.0, 20.0
-0.63424328215335, 0.8668208909595627, 0.44602124583490727, -14.830385094729314, 15.10457358529057, 30.740221325180798, -20.0, 20.0, 20.0
-0.6416516178927844, 0.8743340942094915, 0.46149884093848376, -14.80295786300787, 14.948239414424386, 31.170159089125207, -20.0, 20.0, 20.0
-0.6490465054469138, 0.8817697742336572, 0.4771904258817063, -14.776592353509896, 14.79448068223841, 31.596180683765024, -20.0, 20.0, 20.0
-0.6564284677343788, 0.8891292093426727, 0.49309404001323676, -14.751256796350114, 14.643259753823402, 32.01827584235678, -20.0, 20.0, 20.0
-0.6637980123003573, 0.8964136596345189, 0.5092077182274394, -14.72692146756398, 14.494541413561569, 32.43643701445386, -20.0, 20.0, 20.0
-0.6711556323020367, 0.9036243681377261, 0.5255294923571375, -14.703558539153613, 14.348292599267058, 32.850659504338736, -20.0, 20.0, 20.0
-0.6785018074214427, 0.9107625618261469, 0.5420573926336146, -14.681141938470642, 14.204482154416183, 33.2609416015696, -20.0, 20.0, 20.0
-0.6858370047101097, 0.9178294525141116, 0.558789449209854, -14.659647216196923, 14.063080597442921, 33.66728470338791, -20.0, 20.0, 20.0
-0.6931616793697273, 0.9248262376402739, 0.575723693742883, -14.639051422273356, 13.924059907206166, 34.06969342872831, -20.0, 20.0, 20.0
-0.700476275472597, 0.9317541009480375, 0.5928581610309586, -14.619332989205745, 13.787393323847917, 34.4681757235738, -20.0, 20.0, 20.0
-0.7077812266254601, 0.938614213070089, 0.6101908907012036, -14.600471622246234, 13.653055164358086, 34.862742957406475, -20.0, 20.0, 20.0
-0.7150769565800241, 0.9454077320242394, 0.6277199289431845, -14.582448196010144, 13.521020652243626, 35.25341001051748, -20.0, 20.0, 20.0
-0.7223638797933122, 0.9521358036274925, 0.6454433302838035, -14.565244657141994, 13.39126576076868, 35.640195351958575, -20.0, 20.0, 20.0
-0.7296424019407707, 0.9587995618350071, 0.6633591593987785, -14.54884393269189, 13.263767069289896, 36.023121107941414, -20.0, 20.0, 20.0
-0.7369129203849198, 0.9654001290103942, 0.6814654929558936, -14.533229843904962, 13.138501632258066, 36.40221312051896, -20.0, 20.0, 20.0
-0.7441758246021868, 0.9719386161335825, 0.6997604214851274, -14.518387025162747, 13.015446860495041, 36.77750099641594, -20.0, 20.0, 20.0
-0.7514314965704392, 0.9784161229523023, 0.7182420512707093, -14.504300847846833, 12.894580414384405, 37.149018145911505, -20.0, 20.0, 20.0
-0.7586803111196314, 0.9848337380830575, 0.7369085062601163, -14.490957348922318, 12.775880108636695, 37.51680181171641, -20.0, 20.0, 20.0
-0.7659436329899267, 0.9912561618880444, 0.7556023729571698, -14.56233013225912, 12.913815111310972, 37.25866497649786, -20.0, 20.0, 1.6300224697397425
-0.7732665235082415, 0.9978205909010023, 0.7739851302800167, -14.729231941000249, 13.343900940520268, 36.27236431488967, -20.0, 20.0, -20.0
-0.7806706968808483, 1.0045961949895679, 0.7918767030390826, -14.887461549426849, 13.758515413742176, 35.293926721373936, -20.0, 20.0, -20.0
-0.788151884088486, 1.0115753411407375, 0.8092810705241222, -15.037287281124108, 14.158069190936537, 34.32354321878447, -20.0, 20.0, -20.0
-0.7956956690503487, 1.0187203472520148, 0.8262766758436709, -15.137852566326536, 14.421955254172415, 33.65887805941034, -20.0, 20.0, -11.071337319925078
-0.8032986354150772, 1.0260248674261683, 0.8428672992099756, -15.27401289258727, 14.796125442441284, 32.70361540580836, -20.0, 20.0, -20.0
-0.8109324810726211, 1.0334104817553527, 0.8592354845558208, -15.261369737588298, 14.746331874295851, 32.76912597757252, -20.0, 20.0, 10.638167102617444
-0.8185954442061241, 1.0408733180429603, 0.875384224943888, -15.390482796423832, 15.105013276134477, 31.82583557469646, -20.0, 20.0, -20.0
-0.8263211516718904, 1.0485121795372125, 0.8910634679729056, -15.512347066641333, 15.450432700873913, 30.891136541373733, -20.0, 20.0, -20.0
-0.8341060422250423, 1.0563205414541843, 0.9062775205425908, -15.627215145966312, 15.783014967013148, 29.965073737366986, -20.0, 20.0, -20.0
-0.8419378964879474, 1.0642671735817666, 0.9210928613118241, -15.70020190565437, 16.003513543316068, 29.296289339566428, -20.0, 20.0, -12.345491202644553
-0.8498046494293657, 1.072320611868414, 0.9355787742067886, -15.766809860019181, 16.2102396032744, 28.647362240291304, -20.0, 20.0, -11.926678565633665
-0.8577043401961018, 1.0804773394243372, 0.949737037340964, -15.831953206925034, 16.416670620418127, 27.985690296410567, -20.0, 20.0, -12.514474765289378
-0.8656299747483915, 1.0887197019294104, 0.9636054157956577, -15.870585002234183, 16.552779399874368, 27.487823522364057, -20.0, 20.0, -7.604454196720326
-0.8735883580552019, 1.0970679719180283, 0.9771271221413473, -15.962948225007198, 16.84030055459707, 26.599001860394285, -20.0, 20.0, -20.0
-0.8815461343310845, 1.105431952523948, 0.9905245184018161, -15.868156878523715, 16.615621869081338, 26.990583181480563, -20.0, 20.0, 20.0
-0.8895029473821403, 1.113809977948414, 1.003800215953712, -15.959095325699593, 16.89647982878262, 26.112207026103544, -20.0, 20.0, -20.0
-0.8975038356564952, 1.1223258345362284, 1.0166388740844783, -16.04445777171976, 17.16694652247486, 25.242425496961744, -20.0, 20.0, -20.0
-0.9055460623467647, 1.13097442175994, 1.029044770454447, -16.12444898935861, 17.427402372371482, 24.381159982912994, -20.0, 20.0, -20.0
-0.9136051447802528, 1.13969155091841, 1.0411747731429373, -16.111880744593734, 17.441114261508268, 24.138850771048357, -20.0, 20.0, -0.467989518552713
-0.9216797193253313, 1.1484741845387665, 1.053032257001761, -16.186417435720227, 17.689420219917327, 23.29108466424662, -20.0, 20.0, -20.0
-0.9297662998430802, 1.157314031553411, 1.064635783162477, -16.1599046352754, 17.669967838660096, 23.12301997861765, -20.0, 20.0, 1.659695288896728
-0.9378637566715706, 1.1662084416525125, 1.0759885789469221, -16.229922678686233, 17.907672557745723, 22.2881631591627, -20.0, 20.0, -20.0
-0.9459778491916043, 1.1751736320672372, 1.0870461654902344, -16.226447401448745, 17.953089101153523, 21.94218301408647, -20.0, 20.0, -4.362901200770466
-0.9541071919905842, 1.1842066382383454, 1.0978119512340916, -16.290923794470793, 18.178935583279387, 21.120959961342496, -20.0, 20.0, -20.0
-0.9622240468821318, 1.1932350646604026, 1.1084740465175833, -16.176495771719335, 17.934770104949628, 21.527421172624123, -20.0, 20.0, 20.0
-0.97032850028834, 1.202258092354738, 1.1190348050290642, -16.24131785311323, 18.157340672391133, 20.71561287329903, -20.0, 20.0, -20.0
-0.9784642899907582, 1.2113904187297821, 1.1291916291023252, -16.30184095655958, 18.37196482778604, 19.911683419744858, -20.0, 20.0, -20.0
-0.9866162887009331, 1.2205940895586467, 1.1390395923114787, -16.306153884140155, 18.442718487672337, 19.480169416869096, -20.0, 20.0, -7.894404715828841
-0.9947726626755722, 1.2298390190148514, 1.1486553935571389, -16.3193420144162, 18.536999337146472, 18.983035565771242, -20.0, 20.0, -10.223273023058027
-1.0029215175270183, 1.2390946353944965, 1.1581201100724219, -16.27607739136866, 18.485466181434344, 18.875830495360802, -20.0, 20.0, 2.661285985570885
-1.0110731140775153, 1.2483870997150475, 1.1673628849533007, -16.330308810619364, 18.68439110076986, 18.09526902815407, -20.0, 20.0, -20.0
-1.019217325421449, 1.2576907235864199, 1.1764533268201092, -16.246536565115004, 18.5301043847196, 18.266498439080063, -20.0, 20.0, 11.847170943548917
-1.0273539386003891, 1.2670044117162336, 1.1853938889253395, -16.299916150645817, 18.724648134535165, 17.495749981840778, -20.0, 20.0, -20.0
-1.0355163227365671, 1.2764137109324865, 1.1939508801198662, -16.34962039406613, 18.912548730476203, 16.732214796265644, -20.0, 20.0, -20.0
-1.0436612030992727, 1.2858094029084783, 1.2024210152335606, -16.22990105675591, 18.67021917349112, 17.148325658511833, -20.0, 20.0, 20.0
-1.051788832959565, 1.2951911019478566, 1.2108063367884991, -16.28061838441392, 18.856576984022283, 16.392960561241914, -20.0, 20.0, -20.0
-1.0599409511592677, 1.3046644260390474, 1.2188157116384486, -16.32785441439635, 19.03671938074143, 15.64453883855601, -20.0, 20.0, -20.0
-1.06807506696428, 1.3141230764529042, 1.2267424244944156, -16.208608805653288, 18.79788227468512, 16.06231258531181, -20.0, 20.0, 20.0
-1.0761914475009682, 1.3235667374860118, 1.2345884332968826, -16.256913341099395, 18.976761857745323, 15.321722624556463, -20.0, 20.0, -20.0
-1.084331154516153, 1.333098384774757, 1.2420658139626415, -16.3019147196394, 19.149827297235237, 14.58780003847915, -20.0, 20.0, -20.0
-1.0924524858868139, 1.3426145539055474, 1.2494645237812962, -16.183410763004503, 18.914849225925966, 15.007039236139688, -20.0, 20.0, 20.0
-1.1005557183953198, 1.352114992202359, 1.2567864341065271, -16.22951927101919, 19.08690396132062, 14.280602064784242, -20.0, 20.0, -20.0
-1.10868122037429, 1.3617000985457142, 1.2637467228404893, -16.272488644861298, 19.25352141210004, 13.560552871064477, -20.0, 20.0, -20.0
-1.116788081746789, 1.3712691551004283, 1.2706321248539787, -16.154956845135242, 19.02270480675682, 13.98105518289354, -20.0, 20.0, 20.0
-1.1248765855521725, 1.3808219661946417, 1.2774444237856608, -16.19905837639904, 19.188539570096513, 13.26814054383535, -20.0, 20.0, -20.0
-1.1329800359184041, 1.3904406663914117, 1.2839478235892288, -16.21474308852712, 19.286261216983533, 12.745458670436431, -20.0, 20.0, -13.460981683948376
-1.141058600073601, 1.4000275681854446, 1.2904257348603223, -16.099513532260236, 19.06134595914797, 13.166186413938048, -20.0, 20.0, 20.0
-1.1491191939187744, 1.409598638091556, 1.2968336298659286, -16.142861848433093, 19.222933665297482, 12.465393608487645, -20.0, 20.0, -20.0
-1.1572007443679513, 1.419249302206918, 1.302892593977945, -16.183339948274135, 19.379722796150194, 11.770462839577492, -20.0, 20.0, -20.0
-1.1652639187253968, 1.4288840512987084, 1.3088832310996674, -16.069357481507645, 19.159273571012076, 12.19208564731203, -20.0, 20.0, 20.0
-1.1733089893528816, 1.4385027593811943, 1.3148071700346677, -16.110925028431268, 19.315558758931235, 11.503670092689395, -20.0, 20.0, -20.0
-1.1813524773881356, 1.4481454358219805, 1.3205480665650553, -16.06302711258475, 19.255147004213594, 11.459916028860746, -20.0, 20.0, 3.168392304180543
-1.1893939592924512, 1.457811073353553, 1.3261080098992923, -16.102900504677677, 19.407403122076076, 10.779857308087813, -20.0, 20.0, -20.0
-1.197417773517422, 1.4674617078493375, 1.3316032818890842, -15.992356395205555, 19.19513486106187, 11.201230651079461, -20.0, 20.0, 20.0
-1.205424171417276, 1.477097231604511, 1.3370354256262862, -16.033235204210413, 19.346960159632463, 10.527344297728257, -20.0, 20.0, -20.0
-1.2134336082861399, 1.4867669357488824, 1.3422570203996886, -16.004512271245254, 19.33185641785289, 10.359034795881104, -20.0, 20.0, -1.6207490281581158
-1.2214409288212622, 1.4964585852298644, 1.3473044011553672, -16.02476986924399, 19.4347415060749, 9.830488226833497, -20.0, 20.0, -14.953201619349784
-1.229426550817167, 1.5061249154370258, 1.3523248674051653, -15.91771811437464, 19.230579322570325, 10.251376772359217, -20.0, 20.0, 20.0
-1.2373954665218614, 1.5157771632971462, 1.3572855029870736, -15.957944704403454, 19.378412117911466, 9.59116555527389, -20.0, 20.0, -20.0
-1.2453631608571072, 1.5254523294080609, 1.3620742461160313, -15.91283263657975, 19.32225232574743, 9.563806960557246, -20.0, 20.0, 3.3643032156285244
-1.253329249246469, 1.535149572190962, 1.366692950959297, -15.951520920867152, 19.466718805857127, 8.911012412505414, -20.0, 20.0, -20.0
-1.2612394412003733, 1.544751834055156, 1.371337775156931, -15.689246894750259, 18.942328650919286, 9.668284378029753, -20.0, -20.0, 20.0
-1.2690561836681717, 1.5541798134748668, 1.3760922605558297, -15.577722976443155, 18.769589027923395, 9.349657217565758, -20.0, -19.77356023767561, -20.0
-1.276817960806676, 1.5635223011728476, 1.3806875061000403, -15.469385577574238, 18.600361763999643, 9.031324959277077, -20.0, -20.0, -20.0
-1.2845265508615187, 1.5727814584698196, 1.3851232023946942, -15.36497464179639, 18.43626742388841, 8.711460219338482, -20.0, -20.0, -20.0
-1.2921838740380773, 1.5819597903870102, 1.3893986032725285, -15.264318064438068, 18.277060244873773, 8.39014329199903, -20.0, -20.0, -20.0
-1.2997917670256502, 1.591059682989034, 1.3935130012954429, -15.167253885853292, 18.122510163221477, 8.067448799658195, -20.0, -20.0, -20.0
-1.3073502617386654, 1.6000792752699766, 1.3974792308929105, -15.066724966207044, 17.95585896054872, 7.7974695902120414, -20.0, -20.0, -17.939830436555667
-1.314844165057677, 1.608980252553062, 1.4014297049989004, -14.90888830983911, 17.648050171793468, 8.004426833747715, -20.0, -20.0, 0.3599450754663849
-1.3222774722787607, 1.6177696013410756, 1.4053498687904324, -14.824340574495928, 17.509344980260312, 7.676228332380867, -20.0, -20.0, -20.0
-1.3296692440358013, 1.626490530073371, 1.4091056742571535, -14.742746453667046, 17.374369948921245, 7.346993534503057, -20.0, -20.0, -20.0
-1.3370161892596926, 1.6351335349090927, 1.4127343232573013, -14.645034441897458, 17.19764939396578, 7.167602466088477, -20.0, -20.0, -14.182834060923824
-1.344312547766724, 1.6436830789399421, 1.4162936514367752, -14.540399586227917, 17.000526729431687, 7.0697102518071855, -20.0, -20.0, -10.962461379338038
-1.3515647919241562, 1.6521526269070668, 1.419745229500988, -14.468577043501067, 16.877665139066544, 6.736602005044148, -20.0, -20.0, -20.0
-1.3587561108808812, 1.6605002716976773, 1.423236720239658, -14.29669878339894, 16.512914023375714, 7.229360949636149, -20.0, -20.0, 12.139474636347131
-1.3658885436531498, 1.6687284691414315, 1.426767190826504, -14.23303230567537, 16.39987575164079, 6.892521397748104, -20.0, -20.0, -20.0
-1.372989694732658, 1.676900810778866, 1.4301290848597366, -14.171572012358014, 16.28949079809816, 6.555054735182191, -20.0, -20.0, -20.0
-1.3800606472909378, 1.685018597469701, 1.433322095366409, -14.112238220760622, 16.181655965241575, 6.216987291507903, -20.0, -20.0, -20.0
-1.3870916896763772, 1.693057388282341, 1.4364342036706805, -14.011931320997231, 15.973507285318497, 6.231445925577908, -20.0, -20.0, -6.129375445192409
-1.3940841575091636, 1.7010187620048414, 1.4394649177447116, -13.95794001014871, 15.871987604683031, 5.891410370546718, -20.0, -20.0, -20.0
-1.4010319772624773, 1.708886622403977, 1.4424755902381752, -13.833339003106413, 15.599453991859134, 6.1512796033073105, -20.0, -20.0, 3.700607342320609
-1.4079366092067656, 1.716662665480974, 1.4454656421578378, -13.78518877404675, 15.504718316128857, 5.808928075342849, -20.0, -20.0, -20.0
-1.41481759057894, 1.724391829148897, 1.448284422463287, -13.73873671465129, 15.4119363555634, 5.466193146453511, -20.0, -20.0, -20.0
-1.4216537709267474, 1.7320224684416805, 1.4511164149258835, -13.60598467657851, 15.110620815569865, 5.861776703932856, -20.0, -20.0, 9.368509693784517
-1.428446585483106, 1.7395562148222887, 1.4539610495780306, -13.565273548856524, 15.02436470686328, 5.516761904655954, -20.0, -20.0, -20.0
-1.4352194138789942, 1.7470472445447205, 1.4566331105888286, -13.526040034696285, 14.939754182863492, 5.171482138535572, -20.0, -20.0, -20.0
-1.441963328780302, 1.7544732240044143, 1.45921473039449, -13.44961957053479, 14.76416365591144, 5.154997084110322, -20.0, -20.0, -6.827481852502842
-1.4486793003921155, 1.7618352320667159, 1.4617056203794623, -13.414266876719553, 14.683868593295124, 4.808562855778328, -20.0, -20.0, -20.0
-1.455349020916321, 1.7690880464991876, 1.46427195559272, -13.264615220102554, 14.327389136591808, 5.456777997252517, -20.0, -20.0, 20.0
-1.461973914669084, 1.7762332336640567, 1.4669131687662507, -13.234959790949876, 14.253359522884944, 5.108074696870506, -20.0, -20.0, -20.0
-1.4685842736143144, 1.7833417116804189, 1.4693800048892969, -13.206475989971969, 14.180552542563541, 4.759269795313903, -20.0, -20.0, -20.0
-1.4751806748439948, 1.7904140831406063, 1.4716724129958296, -13.179128928749964, 14.1089332981862, 4.410362630817405, -20.0, -20.0, -20.0
-1.4817425767960588, 1.7974000572461726, 1.473975561409518, -13.068478879505593, 13.83496312407903, 4.80223102393645, -20.0, -20.0, 10.042698028121436
-1.4882710637790444, 1.804300791288556, 1.4762890843150753, -13.045469052437063, 13.767973045454829, 4.451860598292497, -20.0, -20.0, -20.0
-1.4947882946806044, 1.8111682802938212, 1.478427413291288, -13.023454553802894, 13.701982975605754, 4.101455306558012, -20.0, -20.0, -20.0
-1.5012734269719292, 1.8179513818713462, 1.4805806840523708, -12.917074611496624, 13.430423334494797, 4.511627737772746, -20.0, -20.0, 11.029160220874473
-1.5077274656769666, 1.8246511459979307, 1.4827485759379886, -12.899080208653018, 13.368633171843372, 4.159939804698205, -20.0, -20.0, -20.0
-1.5141727250510646, 1.8313202245782478, 1.4847406293797418, -12.881957287738622, 13.307681149425557, 3.8082739623148574, -20.0, -20.0, -20.0
-1.520587532210798, 1.837905288554205, 1.486756989711104, -12.777271351195091, 13.032574754403216, 4.257167363133251, -20.0, -20.0, 12.846484273421083
-1.5269728345646714, 1.8444073074540872, 1.488797368784384, -12.76393806429804, 12.975500845124856, 3.904348929987026, -20.0, -20.0, -20.0
-1.5333516606613073, 1.850880963346346, 1.4906613566564497, -12.75136632224589, 12.919122723910638, 3.5516025582755466, -20.0, -20.0, -20.0
-1.539704040952823, 1.857276872559766, 1.4925361933423067, -12.658154843817332, 12.664514129768426, 3.947744185152673, -20.0, -20.0, 10.894219590912257
-1.5460308131347853, 1.863595871567068, 1.4944216517420137, -12.648933884031381, 12.61148189943939, 3.594089413675281, -20.0, -20.0, -20.0
-1.5523531417887864, 1.869888499394079, 1.496130309791744, -12.64038073197263, 12.559029408604927, 3.2405427852463573, -20.0, -20.0, -20.0
-1.5586455794913585, 1.8760916675356423, 1.4979033339992995, -12.52937007831574, 12.253643157648323, 3.8515540449754613, -20.0, -20.0, 20.0
-1.5649090262306657, 1.8822062651117515, 1.4997404632197346, -12.524416878913208, 12.204747146788703, 3.4969628367647565, -20.0, -20.0, -20.0
-1.571170140437289, 1.8882965294208216, 1.5014003355344538, -12.520039947580234, 12.156310089491317, 3.1425264221122946, -20.0, -20.0, -20.0
-1.5774190808832782, 1.8943376332872375, 1.502979335833333, -12.47572183637592, 12.008105376172425, 3.173474773404286, -20.0, -20.0, -3.94136307847441
-1.5836563460464386, 1.900330032234264, 1.5044774171071764, -12.473338816265459, 11.961490411933305, 2.818850321969689, -20.0, -20.0, -20.0
-1.5898676925055488, 1.9062374255926346, 1.5060373611522955, -12.372047020175293, 11.668083021549053, 3.4209258585068145, -20.0, -20.0, 20.0
-1.5960539073048512, 1.9120605653752447, 1.5076589672522511, -12.372812177033765, 11.624476108891171, 3.0654985413156215, -20.0, -20.0, -20.0
-1.6022406190514062, 1.9178619812268896, 1.5091029082899263, -12.374034809186622, 11.581187297688498, 2.710265609384983, -20.0, -20.0, -20.0
-1.6084078778206858, 1.9235912928740482, 1.5105667667239486, -12.29500026793138, 11.336059290946029, 3.145168126703908, -20.0, -20.0, 13.187644667735526
-1.614556322205128, 1.9292490874364034, 1.5120504204866738, -12.298777269837487, 11.295118958474898, 2.7894469241964117, -20.0, -20.0, -20.0
-1.6207067544769163, 1.934886474583338, 1.513356265995769, -12.302951817315824, 11.254429629263312, 2.433935112183435, -20.0, -20.0, -20.0
-1.6268355839375586, 1.9404435093042178, 1.5147213812970588, -12.212366025253472, 10.973709254255342, 3.0265260929757773, -20.0, -20.0, 20.0
-1.6329434810279249, 1.945920805086052, 1.5161456267771967, -12.21922233621179, 10.935473873081277, 2.6704558275760064, -20.0, -20.0, -20.0
-1.639054891065659, 1.951379028241781, 1.5173918950578125, -12.226417814724686, 10.897418749835422, 2.3146172948869324, -20.0, -20.0, -20.0
-1.6451480437130426, 1.956762386972284, 1.5186828024268275, -12.146192774809771, 10.636016172176241, 2.849012181173599, -20.0, -20.0, 17.716426656370345
-1.6512235312554824, 1.9620714070491116, 1.520018249137913, -12.155757394949784, 10.600064135134184, 2.492774663168715, -20.0, -20.0, -20.0
-1.6573038733661014, 1.967362482066317, 1.5211756383518116, -12.165611047525989, 10.564235933686811, 2.1367821924251147, -20.0, -20.0, -20.0
-1.6633668964736945, 1.9725783022755228, 1.5223855884537474, -12.086481382846744, 10.299044903136815, 2.703018215318075, -20.0, -20.0, 19.229757502741904
-1.6694131637760603, 1.977719358629197, 1.5236480131183976, -12.098587826616356, 10.265180511560436, 2.346680443282918, -20.0, -20.0, -20.0
-1.6754655451483778, 1.9828435009836847, 1.5247323330857918, -12.110937662653132, 10.23138890638988, 1.9905994262938052, -20.0, -20.0, -20.0
-1.6815038800739246, 1.987898117451378, 1.5258520524267185, -12.042402039533792, 9.987076964383013, 2.4882779374128883, -20.0, -20.0, 16.456058123181663
-1.6875286605311597, 1.9928836229247084, 1.5270071171664428, -12.0567197894064, 9.954944928938856, 2.131981021483841, -20.0, -20.0, -20.0
-1.6935606509382635, 1.9978530708508837, 1.527984098470646, -12.071241839009168, 9.922846775762606, 1.7759441953292674, -20.0, -20.0, -20.0
-1.6995781927065114, 2.002749405997374, 1.52901639491103, -11.998925233982844, 9.662493810198912, 2.353241566206406, -20.0, -20.0, 20.0
-1.7055817753951483, 2.0075730386823816, 1.5301039508556877, -12.015405520564828, 9.632036929831584, 1.9969822124243994, -20.0, -20.0, -20.0
-1.7115936400338467, 2.012381441644029, 1.5310134436293394, -12.03205303422872, 9.601574916758157, 1.6409888821826466, -20.0, -20.0, -20.0
-1.7175925928729714, 2.0171182012242914, 1.5319774702275246, -11.963758322270218, 9.345463404292701, 2.215117510558028, -20.0, -20.0, 20.0
-1.7235790863875642, 2.02178368808521, 1.5329959901838002, -11.982215736100809, 9.316484039380702, 1.8589623145439655, -20.0, -20.0, -20.0
-1.7295748420980785, 2.026434675622924, 1.5338364997747274, -12.000807105956552, 9.287466111476268, 1.503076049164813, -20.0, -20.0, -20.0
-1.7355591232150174, 2.031015362872227, 1.5347308364535468, -11.936317361798748, 9.035282885735521, 2.0742706661130788, -20.0, -20.0, 20.0
-1.7415323480053095, 2.0355260849115613, 1.5356789725129465, -11.956581799369696, 9.00760527160207, 1.718273571485422, -20.0, -20.0, -20.0
-1.7475157310163658, 2.040022951358548, 1.5364491773148314, -11.97695024485499, 8.979860516345315, 1.3625456360545665, -20.0, -20.0, -20.0
-1.7534889841143666, 2.044450745468876, 1.5372725704125711, -11.916062147148311, 8.731315924966049, 1.9310267549041216, -20.0, -20.0, 20.0
-1.7594524939272949, 2.0488097703466943, 1.5381491346950298, -11.937977104564943, 8.70478358630821, 1.575230374930352, -20.0, -20.0, -20.0
-1.765426980462483, 2.0531555061818567, 1.5388478675397377, -11.959969036187157, 8.678159754340571, 1.2197010039013823, -20.0, -20.0, -20.0
-1.7713925955137058, 2.057433292390347, 1.5395992118005546, -11.902491168704639, 8.432985079621298, 1.7856760393666624, -20.0, -20.0, 20.0
-1.7773496963726927, 2.061643403309752, 1.5404031590130036, -11.925912267243051, 8.407458597997884, 1.4301128104291667, -20.0, -20.0, -20.0
-1.783314840055945, 2.0658305289011225, 1.5410725848011777, -11.934662465766735, 8.341043767484608, 1.2475903422667776, -20.0, -20.0, -12.484052048796912
-1.7892696418712228, 2.0699433048625764, 1.5418257611981792, -11.884544795344656, 8.110060078331252, 1.7651152457393642, -20.0, -20.0, 17.99560949011419
-1.7952181540075665, 2.0739922117492897, 1.5426194786550442, -11.909503750029764, 8.085567468522386, 1.4097545817212809, -20.0, -20.0, -20.0
-1.8011791526664422, 2.0780288379580067, 1.5432355819363028, -11.934490885473426, 8.060937366346092, 1.054658543313016, -20.0, -20.0, -20.0
-1.8071336408286574, 2.0819995577178623, 1.5439032680299984, -11.883461763387377, 7.821941673076014, 1.6160858314698383, -20.0, -20.0, 20.0
-1.8130819211787832, 2.085904591511085, 1.5446225450347073, -11.90965963711569, 7.798193499815604, 1.261022187365655, -20.0, -20.0, -20.0
-1.8190417295154624, 2.089793242563579, 1.5451835614194254, -11.929573709601309, 7.756410710158287, 0.9830433515061523, -20.0, -20.0, -16.64040163142775
-1.8249945040185154, 2.0936123899848544, 1.5458149339066871, -11.881524302610826, 7.52017897494445, 1.5424465975405997, -20.0, -20.0, 20.0
-1.830942119559737, 2.0973667251293198, 1.5464974601049155, -11.908937862276012, 7.497161602916389, 1.1876581953726206, -20.0, -20.0, -20.0
-1.8369029088109663, 2.101107982028737, 1.547009260535958, -11.934219142640538, 7.467865994752679, 0.8595435287969322, -20.0, -20.0, -18.841838864694694
-1.8428586948065013, 2.1047834817622224, 1.5475784201027687, -11.888924839499893, 7.234132939189433, 1.4170947384460564, -20.0, -20.0, 20.0
-1.8488102711983303, 2.1083949367132018, 1.5481983479735246, -11.917380727816148, 7.2116868647278425, 1.0626167445775787, -20.0, -20.0, -20.0
-1.8547760685048171, 2.111995123757898, 1.548641097500661, -11.94580849813128, 7.1890613140564055, 0.7083813639681663, -20.0, -20.0, -20.0
-1.8607560724449075, 2.1155839568928148, 1.5489067843510593, -11.974207262229692, 7.166271225609745, 0.35436603762526714, -20.0, -20.0, -20.0
-1.8667502682889934, 2.119161357579164, 1.5489955128997226, -12.002576114114207, 7.143331519787635, 0.0005481570276324454, -20.0, -20.0, -20.0
-1.8727586408493169, 2.1227272547336353, 1.5489073762030143, -12.030914127179873, 7.120257098097168, -0.35309494386069057, -20.0, -20.0, -20.0
-1.8787811744689635, 2.1262815847187486, 1.5486424559678924, -12.059220351406804, 7.09706284235572, -0.7065859966273059, -20.0, -20.0, -20.0
-1.884817853009458, 2.129824291332825, 1.5482008225171122, -12.087493810570757, 7.073763613949527, -1.0599478064938532, -20.0, -20.0, -20.0
-1.8908686598369682, 2.1333553257995983, 1.547582534750379, -12.115733499470178, 7.050374253142802, -1.4132032604382312, -20.0, -20.0, -20.0
-1.896933577807128, 2.136874646757492, 1.5467876401014318, -12.143938381168475, 7.0269095784323445, -1.7663753353509408, -20.0, -20.0, -20.0
-1.9030125892484826, 2.140382220248586, 1.545816174491039, -12.172107384250339, 7.003384385942692, -2.1194871062196623, -20.0, -20.0, -20.0
-1.909105675944568, 2.1438780197072855, 1.5446681622759002, -12.200239400090874, 6.979813448856871, -2.472561754335976, -20.0, -20.0, -20.0
-1.9152128191146247, 2.1473620259487194, 1.5433436161934366, -12.228333280136356, 6.956211516877816, -2.825622575517908, -20.0, -20.0, -20.0
-1.9213339993929577, 2.1508342271568677, 1.5418425373024718, -12.256387833195351, 6.932593315715521, -3.178692988341695, -20.0, -20.0, -20.0
-1.9274691968069413, 2.1542946188724454, 1.5401649149197925, -12.284401822738934, 6.908973546594979, -3.5317965423758646, -20.0, -20.0, -20.0
-1.9336183907536781, 2.157743203980539, 1.538310726552596, -12.312373964208662, 6.885366885779896, -3.884956926410366, -20.0, -20.0, -20.0
-1.939781559975313, 2.1611799926980106, 1.536279937826825, -12.340302922330908, 6.861787984107134, -4.238197976673108, -20.0, -20.0, -20.0
-1.9459586825330046, 2.164605002560669, 1.5340725024114004, -12.368187308436054, 6.838251466526728, -4.591543685025831, -20.0, -20.0, -20.0
-1.952149735779559, 2.168018258410211, 1.5316883619383612, -12.396025677780981, 6.814771931642242, -4.945018207130773, -20.0, -20.0, -20.0
-1.9583546963307226, 2.171419792380933, 1.5291274459189337, -12.423816526873148, 6.791363951246111, -5.298645870579081, -20.0, -20.0, -20.0
-1.9645735400351394, 2.174809643886206, 1.526389671655546, -12.451558290794457, 6.768042069844459, -5.652451182971381, -20.0, -20.0, -20.0
-1.9708062419429688, 2.1781878596047086, 1.523474944149818, -12.479249340522959, 6.744820804165741, -6.006458839940301, -20.0, -20.0, -20.0
-1.9770527762731622, 2.181554493466412, 1.520383156006557, -12.506887980250285, 6.721714642647361, -6.360693733104115, -20.0, -20.0, -20.0
-1.983313116379398, 2.184909606638297, 1.517114187333796, -12.534472444692573, 6.698738044894225, -6.7151809579399995, -20.0, -20.0, -20.0
-1.9895872347146693, 2.1882532675097965, 1.51366790563892, -12.56200089639244, 6.675905441102957, -7.069945821564614, -20.0, -20.0, -20.0
-1.9958751027945196, 2.1915855516779335, 1.5100441657209265, -12.589471423009387, 6.65323123144524, -7.425013850408957, -20.0, -20.0, -20.0
-2.0021766911589207, 2.194906541932146, 1.506242809558881, -12.616882034595847, 6.630729785403489, -7.780410797773586, -20.0, -20.0, -20.0
-2.0084919693327836, 2.1982163282387597, 1.502263666196625, -12.644230660855829, 6.608415441051744, -8.136162651249366, -20.0, -20.0, -20.0
-2.0148209057850934, 2.2015150077250913, 1.4981065516238157, -12.671515148382943, 6.5863025042743475, -8.492295639987967, -20.0, -20.0, -20.0
-2.021163467886658, 2.2048026846631386, 1.4937712686533673, -12.698733257874325, 6.564405247914589, -8.848836241805243, -20.0, -20.0, -20.0
-2.0275196218664555, 2.2080794704528284, 1.489257606795391, -12.725882661316769, 6.542737910845151, -9.20581119009957, -20.0, -20.0, -20.0
-2.03388933276657, 2.2113454836047777, 1.4845653421277247, -12.752960939141087, 6.521314696951713, -9.563247480565988, -20.0, -20.0, -20.0
-2.0402725643956905, 2.2146008497225207, 1.4796942371631618, -12.7799655773405, 6.500149774020654, -9.921172377685739, -20.0, -20.0, -20.0
-2.0466692792811627, 2.217845701484156, 1.474644040713498, -12.80689396454856, 6.479257272521291, -10.279613420969481, -20.0, -20.0, -20.0
-2.0530794386195677, 2.2210801786233545, 1.4694144877505229, -12.833743389071838, 6.45865128427254, -10.638598430930944, -20.0, -20.0, -20.0
-2.059503002225804, 2.2243044279096686, 1.4640052992640986, -12.860511035872316, 6.43834586098335, -10.99815551476635, -20.0, -20.0, -20.0
-2.0659399284806454, 2.2275186031280785, 1.4584161821174788, -12.887193983494154, 6.418355012655636, -11.358313071713225, -20.0, -20.0, -20.0
-2.072390174276751, 2.230722865057702, 1.4526468289000354, -12.913789200929154, 6.398692705837767, -11.71909979806053, -20.0, -20.0, -20.0
-2.078853694963087, 2.2339173814495905, 1.4466969177775753, -12.940293544414986, 6.379372861716017, -12.080544691780178, -20.0, -20.0, -20.0
-2.085330444287731, 2.237102327003527, 1.4405661123404432, -12.966703754159889, 6.360409354030575, -12.442677056748048, -20.0, -20.0, -20.0
-2.091820374339018, 2.2402778833437353, 1.434254061449626, -12.99301645098725, 6.341816006801991, -12.805526506520515, -20.0, -20.0, -20.0
-2.098323435484988, 2.243444238993399, 1.4277603990810883, -13.019228132893163, 6.323606591853022, -13.169122967630315, -20.0, -20.0, -20.0
-2.1048395763110883, 2.2466015893478897, 1.4210847441685899, -13.045335171509722, 6.305794826110013, -13.533496682363193, -20.0, -20.0, -20.0
-2.111368743556082, 2.249750136646584, 1.4142267004452556, -13.07133380846647, 6.2883943686669275, -13.898678210974278, -20.0, -20.0, -20.0
-2.1179108820461092, 2.252890089943149, 1.4071858562841868, -13.097220151642134, 6.271418817594194, -14.264698433300536, -20.0, -20.0, -20.0
-2.124465934626844, 2.256021665074166, 1.399961784538431, -13.12299017129842, 6.25488170647342, -14.631588549722757, -20.0, -20.0, -20.0
-2.1310338420936907, 2.2591450846259438, 1.3925540423806433, -13.148639696087331, 6.2387965006379265, -14.999380081427649, -20.0, -20.0, -20.0
-2.1376145431199434, 2.2622605778993776, 1.384962171142807, -13.174164408923145, 6.223176593097833, -15.3681048699174, -20.0, -20.0, -20.0
-2.1442079741828515, 2.2653683808726837, 1.3771856961564, -13.199559842709926, 6.208035300127195, -15.737795075710794, -20.0, -20.0, -20.0
-2.1508140694875078, 2.2684687361618376, 1.3692241265934282, -13.224821375915058, 6.193385856489344, -16.108483176176424, -20.0, -20.0, -20.0
-2.157432760888481, 2.2715618929785286, 1.3610769553087754, -13.249944227979103, 6.17924141027519, -16.480201962434837, -20.0, -20.0, -20.0
-2.1640639778091137, 2.2746481070854294, 1.352743658684351, -13.274923454551924, 6.1656150173278, -16.852984535262575, -20.0, -20.0, -20.0
-2.170707647158388, 2.2777276407485676, 1.3442236964755536, -13.299753942544816, 6.152519635225009, -17.22686429992694, -20.0, -20.0, -20.0
-2.177363693245271, 2.2808007626865714, 1.335516511660603, -13.324430404988133, 6.1399681167902225, -17.60187495987597, -20.0, -20.0, -20.0
-2.184032037690439, 2.283867748016544, 1.326621530293333, -13.348947375683704, 6.127973203099906, -17.978050509203612, -20.0, -20.0, -20.0
-2.1907125993352703, 2.2869288781963077, 1.317538161360081, -13.373299203641123, 6.116547515954494, -18.355425223805316, -20.0, -20.0, -20.0
-2.1974052941480022, 2.2899844409627406, 1.308265796641346, -13.397480047286901, 6.1057035497776475, -18.734033651134276, -20.0, -20.0, -20.0
-2.204110035126933, 2.2930347302659118, 1.2988038105789466, -13.42148386843531, 6.095453662906903, -19.11391059846336, -20.0, -20.0, -20.0
-2.210826732200544, 2.2960800461986977, 1.2891515601494425, -13.445304426009722, 6.085810068236821, -19.495091119552388, -20.0, -20.0, -20.0
-2.2175552921244224, 2.2991206949215504, 1.2793083847446507, -13.46893526950325, 6.076784823173735, -19.877610499614725, -20.0, -20.0, -20.0
-2.22429561837484, 2.3021569885820585, 1.269273606060129, -13.492369732167486, 6.068389818859142, -20.26150423847139, -20.0, -20.0, -20.0
-2.2310476110388615, 2.3051892452289273, 1.2590465279925676, -13.515600923918312, 6.060636768616671, -20.6468080317748, -20.0, -20.0, -20.0
-2.237811166700828, 2.3082177887199755, 1.2486264365470794, -13.538621723947896, 6.053537195575445, -21.0335577501781, -20.0, -20.0, -20.0
-2.244586178325073, 2.3112429486237245, 1.238012599755455, -13.561424773032298, 6.0471024194204475, -21.421789416319612, -20.0, -20.0, -20.0
-2.251372535134712, 2.3142650601141344, 1.2272042676065038, -13.584002465524406, 6.041343542218355, -21.81153917948542, -20.0, -20.0, -20.0
-2.258170122486349, 2.3172844638580052, 1.2162006719896807, -13.606346941022466, 6.036271433265075, -22.20284328780653, -20.0, -20.0, -20.0
-2.264978821740531, 2.3203015058945464, 1.2050010266532691, -13.628450075704963, 6.031896712899087, -22.595738057840265, -20.0, -20.0, -20.0
-2.271798510127788, 2.3233165375065767, 1.1936045271784643, -13.650303473323389, 6.02822973522254, -22.990259841378837, -20.0, -20.0, -20.0
-2.27862906061008, 2.3263299150828, 1.1820103509707893, -13.671898455845199, 6.025280569669964, -23.386444989321355, -20.0, -20.0, -20.0
-2.2854703417374767, 2.3293419999705582, 1.1702176572703493, -13.693226053740318, 6.023058981362504, -23.7843298124388, -20.0, -20.0, -20.0
-2.2923222174998883, 2.332353158318445, 1.1582255871825258, -13.714276995905685, 6.021574410183691, -24.18395053885508, -20.0, -20.0, -20.0
-2.2991845471736707, 2.335363760908119, 1.1460332637307968, -13.735041699223672, 6.020835948511053, -24.585343268060974, -20.0, -20.0, -20.0
-2.306057185162915, 2.3383741829746305, 1.1336397919334635, -13.755510257751805, 6.02085231753636, -24.988543921271827, -20.0, -20.0, -20.0
-2.3129399808352384, 2.3413848040145413, 1.121044258906162, -13.77567243154295, 6.021631842106023, -25.393588187934395, -20.0, -20.0, -20.0
-2.3198327783518984, 2.344396007581071, 1.1082457339921326, -13.79551763509716, 6.02318242401218, -25.800511468183306, -20.0, -20.0, -20.0
-2.326735416492035, 2.3474081810654903, 1.095243268922326, -13.815034925448675, 6.025511513664391, -26.209348811043398, -20.0, -20.0, -20.0
-2.3336477284708708, 2.3504217154639244, 1.0820358980075224, -13.834212989894134, 6.02862608007165, -26.62013484817085, -20.0, -20.0, -20.0
-2.340569541751687, 2.3534370051287086, 1.0686226383647488, -13.853040133370907, 6.032532579064733, -27.032903722923795, -20.0, -20.0, -20.0
-2.347500677851404, 2.3564544475033973, 1.0550024901803798, -13.871504265497704, 6.037236919689752, -27.447689014552097, -20.0, -20.0, -20.0
-2.3544409521396017, 2.359474442840496, 1.0411744370124176, -13.889592887293151, 6.042744428705349, -27.864523657296548, -20.0, -20.0, -20.0
-2.361390173630823, 2.3624973939009517, 1.027137446134546, -13.907293077591996, 6.0490598131182525, -28.28343985419002, -20.0, -20.0, -20.0
-2.368348144770017, 2.365523705634405, 1.012890468924659, -13.92459147918291, 6.056187120695131, -28.704468985357533, -20.0, -20.0, -20.0
-2.3753146612109868, 2.368553784839177, 0.9984324413006649, -13.941474284696671, 6.064129698392844, -29.127641510618922, -20.0, -20.0, -20.0
-2.3822895115877305, 2.371588039800939, 0.9837622842064583, -13.957927222278713, 6.072890148654526, -29.55298686620744, -20.0, -20.0, -20.0
-2.3892724772785714, 2.374626879908984, 0.9688789041510489, -13.973935541085693, 6.082470283525495, -29.980533355430094, -20.0, -20.0, -20.0
-2.396263332163006, 2.3776707152490033, 0.9537811938039135, -13.989483996651934, 6.092871076551013, -30.4103080331119, -20.0, -20.0, -20.0
-2.4032618423712133, 2.380719956171248, 0.9384680326497139, -14.004556836178253, 6.104092612427453, -30.842336583686354, -20.0, -20.0, -20.0
-2.4102677660262084, 2.3837750128329525, 0.9229382877055875, -14.01913778380285, 6.116134034389778, -31.276643192819115, -20.0, -20.0, -20.0
-2.4172808529786396, 2.386836294713883, 0.9071908143042623, -14.033210025921653, 6.128993489331435, -31.713250412481596, -20.0, -20.0, -20.0
-2.4243008445342786, 2.3899042101038828, 0.8912244569462853, -14.046756196633641, 6.142668070668116, -32.15217901942635, -20.0, -20.0, -20.0
-2.431327473174286, 2.3929791655612935, 0.8750380502246643, -14.059758363395446, 6.157153758974396, -32.59344786705747, -20.0, -20.0, -20.0
-2.4383604622683794, 2.3960615653411477, 0.8586304198252156, -14.07219801297858, 6.172445360442358, -33.03707373073724, -20.0, -20.0, -20.0
-2.4453995257810823, 2.3991518107920666, 0.8420003836058749, -14.0840560378323, 6.188536443233973, -33.48307114662539, -20.0, -20.0, -20.0
-2.4524443679712817, 2.4022502997208313, 0.825146752758166, -14.095312722965033, 6.205419271824529, -33.93145224421067, -20.0, -20.0, -20.0
-2.45949468308539, 2.405357425723653, 0.8080683330539219, -14.105947733467609, 6.2230847394628785, -34.38222657276565, -20.0, -20.0, -20.0
-2.4665501550444597, 2.4084735774832455, 0.7907639261802213, -14.115940102811972, 6.241522298905849, -34.83540092203658, -20.0, -20.0, -20.0
-2.4736104571256803, 2.4115991380308768, 0.7732323311653198, -14.125268222069757, 6.260719891618995, -35.290979137569664, -20.0, -20.0, -20.0
-2.480675251638749, 2.4147344839727, 0.7554723458981335, -14.133909830205594, 6.280663875673974, -35.748961931175494, -20.0, -20.0, -20.0
-2.487744189597703, 2.417879984679772, 0.7374827687435539, -14.141842005610513, 6.301338952614297, -36.209346687143096, -20.0, -20.0, -20.0
-2.4948169103888684, 2.421036001441327, 0.7192624002555341, -14.149041159050757, 6.3227280936059636, -36.67212726493608, -20.0, -20.0, -20.0
-2.5018930414356855, 2.424202886581038, 0.7008100449894915, -14.155483028216794, 6.344812465237512, -37.13729379923425, -20.0, -20.0, -20.0
-2.5089721978612562, 2.4273809825361936, 0.6821245134151015, -14.161142674065841, 6.367571355385064, -37.60483249832591, -20.0, -20.0, -20.0
-2.5160539821495624, 2.430570620899943, 0.6632046239300181, -14.165994479158584, 6.390982099611806, -38.074725442007654, -20.0, -20.0, -20.0
-2.5231379838064014, 2.433772121427003, 0.6440492049744388, -14.170012148196708, 6.415020008627597, -38.5469503803096, -20.0, -20.0, -20.0
-2.5302237790211937, 2.436985791003508, 0.6246570972457279, -14.173168710971794, 6.439658297392613, -39.02148053453393, -20.0, -20.0, -20.0
-2.537310930330921, 2.4402119225819834, 0.6050271560115267, -14.175436527937896, 6.46486801650838, -39.49828440227129, -20.0, -20.0, -20.0
-2.5443989862875602, 2.4434507940827603, 0.5851582535188983, -14.176787298619073, 6.490617986599486, -39.9773255682424, -20.0, -20.0, -20.0
-2.5514874811304797, 2.4467026672635224, 0.5650492814960881, -14.177192073058896, 6.516874736448766, -40.458562522997966, -20.0, -20.0, -20.0
-2.558575934465372, 2.449967786559061, 0.5446991537424144, -14.176621266510987, 6.543602445706543, -40.9419484916968, -20.0, -20.0, -20.0
-2.565663850951389, 2.45324637789375, 0.5241068088006486, -14.175044677557453, 6.570762893049471, -41.4274312753664, -20.0, -20.0, -20.0
-2.572750719998235, 2.4565386474696913, 0.503271212705, -14.172431509825035, 6.598315410714909, -41.91495310722848, -20.0, -20.0, -20.0
-2.5798360154750526, 2.4598447805339654, 0.48219136179648286, -14.168750397446507, 6.626216846381086, -42.404450526839874, -20.0, -20.0, -20.0
-2.586919195433011, 2.4631649401289106, 0.4608662855960348, -14.163969434386766, 6.654421533399543, -42.89585427495231, -20.0, -20.0, -20.0
-2.5939997018435372, 2.4664992658298637, 0.4392950497242651, -14.158056207718563, 6.682881270412526, -43.38908921212656, -20.0, -20.0, -20.0
-2.60107696035419, 2.4698478724753175, 0.4174767588551727, -14.150977834891775, 6.711545311401993, -43.884074264243026, -20.0, -20.0, -20.0
-2.608150380064161, 2.473210848894972, 0.39541055968958083, -14.142701004991956, 6.7403603672163594, -44.3807223981246, -20.0, -20.0, -20.0
-2.615219353321391, 2.4765882566416773, 0.37309564393241906, -14.133192023928482, 6.769270619603848, -44.87894063052237, -20.0, -20.0, -20.0
-2.6222832555432305, 2.4799801287337644, 0.35053125125636225, -14.122416863429901, 6.798217748745005, -45.378630073704834, -20.0, -20.0, -20.0
-2.6293414450625017, 2.4833864684147553, 0.3277166722327289, -14.110341213654092, 6.827140975219438, -45.87968602082862, -20.0, -20.0, -20.0
-2.636393263000701, 2.4868072479378753, 0.3046512512089845, -14.096930539143825, 6.855977117261155, -46.38199807414886, -20.0, -20.0, -20.0
-2.643438033169931, 2.4902424073832035, 0.2813343891107115, -14.082150137774823, 6.884660664051346, -46.885450318943036, -20.0, -20.0, -20.0
-2.650475062004938, 2.493691853515633, 0.2577655461445333, -14.065965202254068, 6.913123865665727, -47.389921545769894, -20.0, -20.0, -20.0
-2.6575036385264097, 2.497155458692083, 0.2339442443772508, -14.048340883631933, 6.941296840134915, -47.89528552336005, -20.0, -20.0, -20.0
-2.664523034336366, 2.5006330598265896, 0.20987007016540182, -14.029242356193915, 6.969107697890448, -48.401411324035905, -20.0, -20.0, -20.0
-2.671532503646164, 2.5041244574219763, 0.18554267640862177, -14.00863488299776, 6.996482683656721, -48.90816370308437, -20.0, -20.0, -20.0
-2.6785312833372186, 2.5076294146767935, 0.160961784599611, -13.986483881221393, 7.023346335611405, -49.415403532958685, -20.0, -20.0, -20.0
-2.685518593054121, 2.5111476566760405, 0.13612718664322904, -13.962754986388202, 7.049621661376376, -49.92298829256913, -20.0, -20.0, -20.0
-2.692493635329328, 2.5146788696739146, 0.11103874641727587, -13.93741411444088, 7.075230330120804, -50.43077261124353, -20.0, -20.0, -20.0
-2.699455595738075, 2.5182227004763855, 0.08569640104791347, -13.910427520545744, 7.100092879762199, -50.93860886620609, -20.0, -20.0, -20.0
-2.7064036430815683, 2.5217787559308125, 0.060100161873449486, -13.881761853428113, 7.124128937944876, -51.446347831649845, -20.0, -20.0, -20.0
-2.7133369295959175, 2.52534660252909, 0.03425011507136745, -13.851384203968655, 7.147257455164657, -51.953839376678275, -20.0, -20.0, -20.0
-2.720254591183593, 2.5289257661299063, 0.008146421925052157, -13.819262146732308, 7.169396948100361, -52.460933208582894, -20.0, -20.0, -20.0
-2.7271557476635406, 2.53251573180466, -0.01821068129137494, -13.785363773057844, 7.190465750914257, -52.9674796571255, -20.0, -20.0, -20.0
-2.7340395030353823, 2.5361159438103895, -0.044820883829338076, -13.74965771430852, 7.210382272002883, -53.47333049472702, -20.0, -20.0, -20.0
-2.740904945752428, 2.5397258056917464, -0.07168380139970794, -13.712113153874094, 7.2290652534245075, -53.97833978675243, -20.0, -20.0, -20.0
-2.747751148997527, 2.5433446805126043, -0.09879897753775727, -13.672699826522118, 7.246434030007733, -54.4823647654449, -20.0, -20.0, -20.0
-2.7545771709550877, 2.5469718912163475, -0.12616588540924978, -13.631388003722037, 7.2624087849646966, -54.98526672052509, -20.0, -20.0, -20.0
-2.76138205507192, 2.5506067211122634, -0.15378393006414448, -13.588148463608418, 7.27691079869841, -55.48691189905368, -20.0, -20.0, -20.0
-2.7681648302988995, 2.554248414483791, -0.18165245114062684, -13.542952444308119, 7.289862687412466, -55.98717240687574, -20.0, -20.0, -20.0
-2.7749245113048335, 2.5578961773126707, -0.20977072601830576, -13.495771579428288, 7.301188628106463, -56.48592710384003, -20.0, -20.0, -20.0
-2.7816600986533366, 2.561549178111341, -0.23813797341552237, -13.44657781458453, 7.310814566574307, -56.98306248502635, -20.0, -20.0, -20.0
-2.7883705789329674, 2.5652065488542637, -0.2667533574218859, -13.395343303937825, 7.3186684051154245, -57.47847354042769, -20.0, -20.0, -20.0
-2.795054924830402, 2.5688673859972475, -0.2956159919534734, -13.34204028580036, 7.324680166819089, -57.97206458592234, -20.0, -20.0, -20.0
-2.801712095135967, 2.572530751572324, -0.32472494561468734, -13.286640936459184, 7.328782133485907, -58.4637500589335, -20.0, -20.0, -20.0
-2.8083410346704434, 2.576195674344321, -0.3540792469476459, -13.229117201447362, 7.330908954502154, -58.95345527290089, -20.0, -20.0, -20.0
-2.814940674121695, 2.5798611510140153, -0.3836778900472633, -13.169440603558943, 7.330997724274642, -59.441117125568745, -20.0, -20.0, -20.0
-2.8215099297793222, 2.583526147451623, -0.41351984051793306, -13.107582026950752, 7.328988026156763, -59.9266847571102, -20.0, -20.0, -20.0
-2.828047703155234, 2.587189599943447, -0.4436040417460203, -13.043511476694666, 7.324821941139794, -60.41012015523879, -20.0, -20.0, -20.0
-2.8345528804776907, 2.5908504164337156, -0.47392942146125006, -12.977197813132427, 7.3184440199358685, -60.891398705680295, -20.0, -20.0, -20.0
-2.8410243320460578, 2.594507477743057, -0.5044948985595871, -12.908608460335415, 7.309801217428022, -61.37050968766782, -20.0, -20.0, -20.0
-2.847460911433111, 2.5981596387446126, -0.5352993901603674, -12.837709087878311, 7.298842788796043, -61.847456715453696, -20.0, -20.0, -20.0
-2.8538614545213288, 2.601805729478545, -0.5663418188712758, -12.764463264992614, 7.2855201469322655, -62.322258128179534, -20.0, -20.0, -20.0
-2.860224778359069, 2.605444556185535, -0.5976211202362673, -12.688832085968206, 7.269786681027188, -62.79494733178695, -20.0, -20.0, -20.0
-2.8665496798219143, 2.6090749022398967, -0.6291362503437057, -12.61077376541329, 7.251597536420079, -63.26557309796651, -20.0, -20.0, -20.0
-2.8728349340636825, 2.612695528962993, -0.6608861935748009, -12.530243201659504, 7.230909355964455, -63.73419982641466, -20.0, -20.0, -20.0
-2.8790792927406486, 2.616305176297795, -0.6928699704758763, -12.447191506204478, 7.207679983243917, -64.20090777788681, -20.0, -20.0, -20.0
-2.8852814819913526, 2.619902563325602, -0.7250866457420211, -12.361565496612153, 7.181868127982499, -64.66579328669228, -20.0, -20.0, -20.0
-2.8914402001529393, 2.6234863886060773, -0.7575353363042875, -12.273307149735105, 7.153432993918958, -65.12896896237339, -20.0, -20.0, -20.0
-2.897554115193242, 2.6270553303218698, -0.7902152195177188, -12.182353011474715, 7.122333869250725, -65.5905638913519, -20.0, -20.0, -20.0
-2.903621861835747, 2.630608046209056, -0.8231255414531372, -12.088633558544664, 7.088529679495394, -66.05072385032167, -20.0, -20.0, -20.0
-2.909642038352093, 2.6341431732544955, -0.8562656253017515, -11.992072506839314, 7.051978502261137, -66.50961154413554, -20.0, -20.0, -20.0
-2.915613202993807, 2.6376593271408, -0.8896348799082603, -11.89258606001665, 7.012637042957336, -66.96740688189934, -20.0, -20.0, -20.0
-2.9215338700315034, 2.641155101419016, -0.923232808455229, -11.790082090768419, 6.970460069907635, -67.42430730597586, -20.0, -20.0, -20.0
-2.927402505365682, 2.6446290663881538, -0.957059017329136, -11.684459245946432, 6.925399806642923, -67.88052818965197, -20.0, -20.0, -20.0
-2.9332175216684733, 2.6480797676594, -0.9911132252066422, -11.575605965218243, 6.87740527834306, -68.33630332037298, -20.0, -20.0, -20.0
-2.9389772730100794, 2.651505724381099, -1.025395272408422, -11.463399401205951, 6.826421608452653, -68.79188548674624, -20.0, -20.0, -20.0
-2.944680048917151, 2.654905427098313, -1.0599051305773621, -11.347704227081563, 6.772389260403911, -69.24754718901364, -20.0, -20.0, -20.0
-2.950324067802748, 2.658277335217944, -1.0946429127482276, -11.228371315305909, 6.715243218120828, -69.70358149444813, -20.0, -20.0, -20.0
-2.9559074696987127, 2.661619874046857, -1.1296088838871416, -11.105236268552135, 6.65491209753103, -70.16030306120857, -20.0, -20.0, -20.0
-2.961428308211047, 2.6649314313661514, -1.1648034719916096, -10.978117780785825, 6.591317179646786, -70.61804935666338, -20.0, -20.0, -20.0
-2.9668845416069702, 2.668210353499528, -1.200227279855562, -10.846815802907363, 6.524371353860422, -71.07718209914587, -20.0, -20.0, -20.0
-2.9722740229285, 2.671454940827466, -1.2358810976192547, -10.71110948321134, 6.453977957890237, -71.53808895562464, -20.0, -20.0, -20.0
-2.9775944890113233, 2.6746634426915037, -1.2717659162411499, -10.570754848082315, 6.380029498261506, -72.00118553195642, -20.0, -20.0, -20.0
-2.982843548269022, 2.677834051624133, -1.3078829420484752, -10.425482182712033, 6.3024062322551035, -72.4669176973446, -20.0, -20.0, -20.0
-2.988018667080966, 2.6809648968294058, -1.3442336125454275, -10.2749930650628, 6.220974588837117, -72.93576429046465, -20.0, -20.0, -20.0
-2.993117154596901, 2.6840540368271455, -1.3808196136834319, -10.118956998676953, 6.135585402121597, -73.40824026155306, -20.0, -20.0, -20.0
-2.998136145741845, 2.6870994511592596, -1.4176428988269938, -9.957007581100035, 6.04607192633458, -73.88490031269505, -20.0, -20.0, -20.0
-3.003072582170747, 2.690099031039833, -1.4547057096820861, -9.788738134508039, 5.952247595958245, -74.36634310767428, -20.0, -20.0, -20.0
-3.007923190882748, 2.6930505688109885, -1.4920105994922805, -9.613696713495953, 5.853903488663768, -74.85321613310379, -20.0, -20.0, -20.0
-3.0126844601590834, 2.6959517460435882, -1.529560458851579, -9.431380391845076, 5.750805441735836, -75.34622130408994, -20.0, -20.0, -20.0
-3.0173526124359213, 2.698800120095258, -1.5673585445326477, -9.241228715507436, 5.642690764943422, -75.84612142018509, -20.0, -20.0, -20.0
-3.0219235736631247, 2.701593108907569, -1.6054085117852908, -9.04261619330601, 5.529264484301614, -76.35374759038748, -20.0, -20.0, -20.0
-3.026392938631599, 2.7043279737891788, -1.6437144506225227, -8.834843680591405, 5.410195042137166, -76.87000775854051, -20.0, -20.0, -20.0
-3.0307559316756385, 2.707001799892169, -1.682280926679921, -8.617128495566813, 5.28510936982416, -77.39589647105272, -20.0, -20.0, -20.0
-3.035007362073388, 2.709611474044988, -1.7211130273063489, -8.388593095431116, 5.1535872414515485, -77.9325060346588, -20.0, -20.0, -20.0
-3.039141573380678, 2.712153659558153, -1.760216413617122, -8.148252133728073, 5.0151548112081885, -78.48103920843398, -20.0, -20.0, -20.0
-3.043152385846036, 2.714624767570277, -1.7995973793077595, -7.894997727705283, 4.869277237288714, -79.04282355411604, -20.0, -20.0, -20.0
-3.047033030976831, 2.7170209244559436, -1.839262917076353, -7.6275827954749085, 4.715350305379059, -79.61932752025817, -20.0, -20.0, -20.0
-3.050776077274202, 2.7193379347805338, -1.8792207935165062, -7.344602394009172, 4.552690992981271, -80.21217824035465, -20.0, -20.0, -20.0
-3.0543733461544305, 2.7215712392723574, -1.9194796332901036, -7.044473126904158, 4.38052697431412, -80.82318085403539, -20.0, -20.0, -20.0
-3.0578158171703227, 2.723715867309367, -1.9600490132209434, -6.725410936664682, 4.197985173723854, -81.45433886932366, -20.0, -20.0, -20.0
-3.061093521907867, 2.7257663835187103, -2.0009395665896164, -6.385408013512641, 4.004079663650223, -82.1078746053675, -20.0, -20.0, -20.0
-3.0641954264705804, 2.7277168283139264, -2.04216309723809, -6.022210237339993, 3.797699517214396, -82.78624798852637, -20.0, -20.0, -20.0
-3.0671093034455583, 2.729560652626661, -2.083732701928877, -5.633297662571097, 3.5775977337242897, -83.49217077462286, -20.0, -20.0, -20.0
-3.069821595925447, 2.7312906478489545, -2.12566289748113, -5.215872256983387, 3.342383155449504, -84.2286114343882, -20.0, -20.0, -20.0
-3.0723172789095745, 2.7328988732671076, -2.167969746141344, -4.766859679526943, 3.090518517162903, -84.99878320646738, -20.0, -20.0, -20.0
-3.074579727739401, 2.7343765852899407, -2.210670967917809, -4.282935639779079, 2.8203295741694325, -85.80610389939135, -20.0, -20.0, -20.0
-3.076590609798319, 2.7357141758803087, -2.2537860215637404, -3.760592595892594, 2.530032787302911, -86.65411068433392, -20.0, -20.0, -20.0
-3.078329825253683, 2.736901132161199, -2.2973361258494784, -3.1962692255632126, 2.217792336257819, -87.5463064586177, -20.0, -20.0, -20.0
-3.0797755356812155, 2.7379260354864408, -2.341344179296375, -2.5865724845680487, 1.8818209647087518, -88.48590732896824, -20.0, -20.0, -20.0
-3.0809043357252284, 2.738776626280667, -2.3858345201641935, -1.9286276914829459, 1.5205422121957606, -89.4754561423059, -20.0, -20.0, -20.0
-3.081691640250999, 2.7394399696745895, -2.4308324518904705, -1.2205904116002597, 1.1328313634933647, -90.51627076280111, -20.0, -20.0, -20.0
-3.0821123716279546, 2.7399027635717172, -2.4763634491464397, -0.46233509622196023, 0.7183442250177985, -91.60771826107504, -20.0, -20.0, -20.0
-3.0821420269481297, 2.740151829654145, -2.5224519688695715, 0.3437138155223862, 0.2779201046938638, -92.74636063145132, -20.0, -20.0, -20.0
-3.08175816554233, 2.7401748104616, -2.5691198371053665, 1.191731807677764, -0.18599687487360306, -93.92511231172973, -20.0, -20.0, -20.0
-3.080942266074913, 2.7399610535080585, -2.6163842825333092, 2.07186606198974, -0.6690309392931573, -95.13266940004164, -20.0, -20.0, -20.0
-3.079681759490469, 2.739502595489411, -2.6642558384637085, 2.9701602757870935, -1.164801135297209, -96.35355432155528, -20.0, -20.0, -20.0
-3.077971887166035, 2.7387950831680348, -2.712736493506676, 3.8693290219496475, -1.6652481502078298, -97.5690658503153, -20.0, -20.0, -20.0
-3.0758169446478747, 2.7378384211375493, -2.761818549849375, 4.75044105069254, -2.161399971733673, -98.75915952047988, -20.0, -20.0, -20.0
-3.0732305378683225, 2.7366369630631535, -2.8114845591514492, 5.595186067515625, -2.6444323258493623, -99.90487768781786, -20.0, -20.0, -20.0
-3.070234719079563, 2.7351991731807237, -2.8617084390720033, 6.3880890875217, -3.1067272038694056, -100.99064199439923, -20.0, -20.0, -20.0
-3.0668581884349306, 2.7335368355988057, -2.9124575369555132, 7.118033491008841, -3.5426231238029877, -102.00574953964069, -20.0, -20.0, -20.0
-3.0631339867373337, 2.7316640057996526, -2.9636951677616827, 7.778773299378152, -3.9486960728091223, -102.9447736850369, -20.0, -20.0, -20.0
-3.05909716081773, 2.7295959302757438, -3.0153831136956986, 8.36853037903572, -4.32360602282668, -103.80701005102628, -20.0, -20.0, -20.0
-3.0547827696084044, 2.727348110860278, -3.067483708662043, 8.889034458268144, -4.667671639036476, -104.59536981435237, -20.0, -20.0, -20.0
-3.05022441208794, 2.72493560407293, -3.1199613354367197, 9.344395623590998, -4.982355510356295, -105.31513728435478, -20.0, -20.0, -20.0
-3.0454532925495954, 2.7223725675862633, -3.172783338075042, 9.740082529786037, -5.269790436308817, -105.97287326893391, -20.0, -20.0, -20.0
-3.040497738812377, 2.7196720177171585, -3.2259204528748526, 10.082132419088286, -5.5324090401104975, -106.57558593030839, -20.0, -20.0, -20.0
-3.035383053104526, 2.716845743567482, -3.27934689362404, 10.37661041231535, -5.772687558596347, -107.13017706644183, -20.0, -20.0, -20.0
-3.0301315806003015, 2.7139043247848056, -3.333040216820815, 10.629279604582422, -5.992987572108982, -107.64311572065834, -20.0, -20.0, -20.0
-3.0247629040466744, 2.710857210207708, -3.386981064805657, 10.845426609926939, -6.195470736280689, -108.12027621870952, -20.0, -20.0, -20.0
-3.0192940996324658, 2.7077128268166386, -3.4411528548686814, 11.029791046906812, -6.382062827996366, -108.56688403338778, -20.0, -20.0, -20.0
-3.013740012153705, 2.704478699001456, -3.495541457454831, 11.186558868136249, -6.5544484327333565, -108.98752631121204, -20.0, -20.0, -20.0
-3.0081135245803616, 2.701161566132188, -3.5501348883568347, 11.31939142523653, -6.714083044338217, -109.38619729680141, -20.0, -20.0, -20.0
-3.002425808728362, 2.6977674919022316, -3.6049230275804587, 11.431471982761208, -6.862213875487884, -109.76635959769514, -20.0, -20.0, -20.0
-2.9966865511032776, 2.6943019624346176, -3.659897369945789, 11.525558517576624, -6.999903994967771, -110.13100986362603, -20.0, -20.0, -20.0
-2.990904152366877, 2.6907699722708296, -3.715050808039054, 11.604036428025529, -7.12805666018517, -110.48274250943432, -20.0, -20.0, -20.0
-2.9850859013044566, 2.6871760985653377, -3.7703774457364885, 11.668967821655087, -7.247438161781925, -110.82380828030367, -20.0, -20.0, -20.0
-2.979238125375112, 2.6835245644277816, -3.8258724393941264, 11.7221358957235, -7.358698388442416, -111.15616635024804, -20.0, -20.0, -20.0
-2.973366320403949, 2.6798192926193365, -3.881531863410703, 11.765083988928028, -7.46238884533862, -111.48152971606014, -20.0, -20.0, -20.0
-2.967475262042096, 2.6760639508695085, -3.937352596893099, 11.799149458484445, -7.558978153972596, -111.8014042135243, -20.0, -20.0, -20.0
-2.9615691014730388, 2.6722619900274593, -3.993332228382936, 11.825492817743182, -7.648865214224565, -112.11712174582321, -20.0, -20.0, -20.0
-2.9556514475987066, 2.668416676154236, -4.049468975920581, 11.845122679586009, -7.732390278669994, -112.42986840475402, -20.0, -20.0, -20.0
-2.9497254376622113, 2.6645311175319515, -4.105761620062341, 11.858917066395447, -7.809844210467116, -112.74070816228856, -20.0, -20.0, -20.0
-2.943793797991998, 2.660608287431561, -4.16220944779286, 11.86764161445796, -7.881476191094841, -113.05060275978757, -20.0, -20.0, -20.0
-2.9378588963018495, 2.656651043352313, -4.218812205570704, 11.87196514613656, -7.947500125898393, -113.36042835158955, -20.0, -20.0, -20.0
-2.9319227867597806, 2.6526621433280066, -4.275570060004484, 11.87247302213987, -8.00809997132732, -113.6709893835296, -20.0, -20.0, -20.0
-2.9259872488475605, 2.6486442597896214, -4.332483564878593, 11.869678626741411, -8.063434182213411, -113.98303011290271, -20.0, -20.0, -20.0
-2.9200538208696982, 2.6445999913808746, -4.389553633433842, 11.86403328470779, -8.113639452774214, -114.2972441080944, -20.0, -20.0, -20.0
-2.9141238288331626, 2.6405318730420726, -4.446781514962095, 11.855934861435442, -8.158833902434816, -114.61428200491798, -20.0, -20.0, -20.0
-2.9081984113034225, 2.6364423846070744, -4.504168774899022, 11.845735257525062, -8.19911983755838, -114.93475774279021, -20.0, -20.0, -20.0
-2.902278540745234, 2.6323339580969614, -4.561717277698932, 11.833746975229898, -8.23458620289353, -115.25925345684861, -20.0, -20.0, -20.0
-2.896365041774903, 2.6282089838407683, -4.6194291718534854, 11.820248906093434, -8.265310821879396, -115.58832316136503, -20.0, -20.0, -20.0
-2.8904586066819418, 2.6240698155071365, -4.677306876475014, 11.805491465751007, -8.291362512647273, -115.92249532474781, -20.0, -20.0, -20.0
-2.8845598085198954, 2.619918774089906, -4.7353530689078465, 11.789701182435106, -8.31280315627449, -116.26227440658063, -20.0, -20.0, -20.0
-2.8786691120169388, 2.6157581508545475, -4.793570672860055, 11.77308482939129, -8.329689785159067, -116.60814140225132, -20.0, -20.0, -20.0
-2.872786882515225, 2.611590209220307, -4.851962846565807, 11.755833177463245, -8.342076751803974, -116.96055342075864, -20.0, -20.0, -20.0
-2.866913393112881, 2.607417185524538, -4.910532970497623, 11.738124431911286, -8.350018031271889, -117.31994230650469, -20.0, -20.0, -20.0
-2.861048830153268, 2.603241288590852, -4.96928463415096, 11.720127406540431, -8.353569703471418, -117.68671230684703, -20.0, -20.0, -20.0
-2.855193297182143, 2.599064698001591, -5.028221621423862, 11.702004477959942, -8.352792653572365, -118.06123678475821, -20.0, -20.0, -20.0
-2.849346817474433, 2.5948895609583302, -5.087347894115369, 11.68391435287934, -8.347755519470203, -118.4438539812702, -20.0, -20.0, -20.0
-2.8435093352183505, 2.590717987602577, -5.1466675730723965, 11.666014671451206, -8.338537903542429, -118.8348618468396, -20.0, -20.0, -20.0
-2.8376807154355923, 2.586552044663895, -5.206184916530566, 11.648464459581442, -8.32523385118626, -119.23451198583838, -20.0, -20.0, -20.0
-2.831860742712509, 2.582393747306071, -5.265904295225888, 11.63142643275072, -8.307955580109423, -119.64300279545108, -20.0, -20.0, -20.0
-2.8260491188184975, 2.5782450490556497, -5.325830163907343, 11.61506914329629, -8.286837421576426, -120.06047193036535, -20.0, -20.0, -20.0
-2.820245459294532, 2.5741078297233404, -5.38596702896194, 11.599568952566235, -8.262039907661471, -120.486988288027, -20.0, -20.0, -20.0
-2.81444928910654, 2.5699838812695632, -5.446319411980165, 11.585111799403675, -8.23375390744694, -120.92254378486926, -20.0, -20.0, -20.0
-2.8086600374747257, 2.565874891622397, -5.506891809246121, 11.571894727853078, -8.202204681219078, -121.36704527895809, -20.0, -20.0, -20.0
-2.802877032010038, 2.5617824265302906, -5.56768864733678, 11.560127130898625, -8.167655687204721, -121.8203070836764, -20.0, -20.0, -20.0
-2.7970994923111174, 2.5577079096226085, -5.6287142352582915, 11.550031664783319, -8.130411943523665, -122.28204460236798, -20.0, -20.0, -20.0
-2.7913265231970494, 2.553652600955937, -5.689972713829984, 11.54184479148849, -8.090822723161665, -122.75186968440048, -20.0, -20.0, -20.0
-2.785557107770005, 2.5496175744383622, -5.751468003337493, 11.535816916687727, -8.04928334713758, -123.22928834563754, -20.0, -20.0, -20.0
-2.7797901005138326, 2.5456036946400173, -5.8132037507980145, 11.532212108002721, -8.006235846241236, -123.71370149644837, -20.0, -20.0, -20.0
-2.77402422063581, 2.5416115936059893, -5.875183278488292, 11.531307404088265, -7.962168289870715, -124.20440926466162, -20.0, -20.0, -20.0
-2.7682580458451964, 2.537641648374742, -5.937409535649342, 11.533391758364825, -7.917612635118407, -124.70061937954013, -20.0, -20.0, -20.0
-2.7624900067305416, 2.5336939599582005, -5.999885055467485, 11.538764700254788, -7.87314103104761, -125.20145989303072, -20.0, -20.0, -20.0
-2.756718381845875, 2.5297683345457145, -6.062611919506503, 11.547734838410399, -7.829360618895872, -125.70599626304364, -20.0, -20.0, -20.0
-2.75094129354367, 2.525864267643203, -6.125591731704382, 11.560618370410348, -7.78690699115067, -126.21325252847377, -20.0, -20.0, -20.0
-2.7451567045018246, 2.5219809317455755, -6.188825603835529, 11.577737796970467, -7.746436599360183, -126.72223599611316, -20.0, -20.0, -20.0
-2.7393624147872413, 2.518117167966321, -6.252314153977658, 11.59942106136315, -7.70861851765831, -127.23196457240391, -20.0, -20.0, -20.0
-2.7335560591861015, 2.514271481821594, -6.316057519032609, 11.626001343197027, -7.6741260612491295, -127.74149564739868, -20.0, -20.0, -20.0
-2.727735104418108, 2.5104420431028514, -6.3800553817716965, 11.65781772877708, -7.643628813722658, -128.24995530895225, -20.0, -20.0, -20.0
-2.721896845746079, 2.5066266894928635, -6.444307012262709, 11.69521695933915, -7.617785626229596, -128.7565666550972, -20.0, -20.0, -20.0
-2.716038402399366, 2.5028229333077507, -6.508811322948527, 11.738556427513123, -7.5972391142214315, -129.26067608817536, -20.0, -20.0, -20.0
-2.7101567111531306, 2.499027970504202, -6.5735669361465074, 11.788208557429037, -7.582612099974556, -129.76177670374489, -20.0, -20.0, -20.0
-2.704248517345774, 2.4952386908932014, -6.638572262373116, 11.84456667199697, -7.574506344027032, -130.2595282026906, -20.0, -20.0, -20.0
-2.6983103625705267, 2.4914516883590845, -6.703825587703307, 11.908052428992542, -7.57350379244085, -130.75377311807046, -20.0, -20.0, -20.0
-2.692338568237929, 2.487663269796759, -6.769325168362272, 11.979124901397585, -7.5801704568605075, -131.24454951779205, -20.0, -20.0, -20.0
-2.686329214164884, 2.483869461443514, -6.835069330912542, 12.058291390782676, -7.59506295612049, -131.73210068328706, -20.0, -20.0, -20.0
-2.6802781112929517, 2.4800660112812225, -6.901056576719788, 12.14612009694526, -7.618737693045333, -132.216882545697, -20.0, -20.0, -20.0
-2.674180767563233, 2.476248386201866, -6.967285689823629, 12.243254821929476, -7.65176262438093, -132.69956986966798, -20.0, -20.0, -20.0
-2.6680323458679047, 2.4724117626440907, -7.033755847867863, 12.350431959385098, -7.694731606721064, -133.1810623072703, -20.0, -20.0, -20.0
-2.661827612851432, 2.468551009401478, -7.100466736321148, 12.468500106505859, -7.748281363729913, -133.66249150586938, -20.0, -20.0, -20.0
-2.6555608771426327, 2.464660661257213, -7.167418666810741, 12.59844272869073, -7.813111213331158, -134.14523045250343, -20.0, -20.0, -20.0
-2.649225915361469, 2.4607348820018213, -7.234612700968689, 12.741404395965048, -7.890005808234081, -134.63090617928557, -20.0, -20.0, -20.0
-2.642815883968064, 2.4567674152332875, -7.302050781722365, 12.898721177652925, -7.979861265902068, -135.12141683542194, -20.0, -20.0, -20.0
-2.636323214724111, 2.4527515211229747, -7.369735874413401, 13.071955798159799, -8.08371517534875, -135.61895392872046, -20.0, -20.0, -20.0
-2.6297394912568235, 2.4486798970698955, -7.437672120445432, 13.262938070988996, -8.202781036968714, -136.12603019940434, -20.0, -20.0, -20.0
-2.6230553040258022, 2.444544579894176, -7.505865006247864, 13.473810853095914, -8.338487665909497, -136.64551301031975, -20.0, -20.0, -20.0
-2.616260081024781, 2.4403368270076227, -7.574321550036928, 13.707081150987648, -8.492523880302407, -137.1806621459395, -20.0, -20.0, -20.0
-2.609341892031039, 2.436046973974464, -7.643050507879633, 13.96567482398052, -8.666888252332328, -137.73516922487977, -20.0, -20.0, -20.0
-2.602287225527537, 2.4316642662678323, -7.712062598463281, 14.252991190027071, -8.863942574193935, -138.31319310971176, -20.0, -20.0, -20.0
-2.5950807401857707, 2.427176664226801, -7.781370742017875, 14.572950177038962, -9.08646558993099, -138.91938110866346, -20.0, -20.0, -20.0
-2.5877049979682383, 2.422570622857287, -7.850990301938064, 14.930018693090256, -9.337699888125456, -139.5588585720965, -20.0, -20.0, -20.0
-2.5801401948720724, 2.4178308531659676, -7.9209393062818565, 15.329193691573536, -9.621378877152086, -140.23715880307196, -20.0, -20.0, -20.0
-2.572363919874221, 2.412940080522047, -7.991238608631892, 15.77590629983196, -9.94171169853064, -140.9600505970693, -20.0, -20.0, -20.0
-2.5643509945631666, 2.4078788297072733, -8.061911922162569, 16.275794944385478, -10.30329156056419, -141.73320352563698, -20.0, -20.0, -20.0
-2.556073475908825, 2.4026252870635463, -8.13298562728143, 16.83427967298107, -10.710879014343698, -142.5616169498059, -20.0, -20.0, -20.0
-2.5475009395174006, 2.3971553167309323, -8.204488216932665, 17.455865892716226, -11.16900231611309, -143.44874165513355, -20.0, -20.0, -20.0
-2.5386011892759255, 2.3914427346704774, -8.276449219448093, 18.14313507318382, -11.681325925706606, -144.39526840657743, -20.0, -20.0, -20.0
-2.5293415374635844, 2.385459956477014, -8.348897455983723, 18.89547217617977, -12.249786848146895, -145.3976777359427, -20.0, -20.0, -20.0
-2.51969073138612, 2.3791791083723832, -8.421858588562015, 19.70775213367832, -12.873605570375506, -146.44685257722753, -20.0, -20.0, -20.0
-2.5096214381147766, 2.3725735993530774, -8.49535212432018, 20.569420951695697, -13.548430506848073, -147.52729045542745, -20.0, -20.0, -20.0
-2.4991129522154583, 2.3656199936516913, -8.56938833255141, 21.46452264557832, -14.265992298696913, -148.61754246949562, -20.0, -20.0, -20.0
-2.488153558844715, 2.358299846997117, -8.643965777829203, 22.373050837395006, -15.014594319599638, -149.69223864167776, -20.0, -20.0, -20.0
-2.476741923459897, 2.3506010793081527, -8.71907019004749, 23.273490701876113, -15.780476436258306, -150.7254102314661, -20.0, -20.0, -20.0
-2.464887094924314, 2.342518538660555, -8.794675077475652, 24.14582344045661, -16.549686154132253, -151.6941394811866, -20.0, -20.0, -20.0
-2.452607132883038, 2.3340536537496273, -8.870743954235152, 24.974024724646142, -17.309853489578007, -152.58136755681232, -20.0, -20.0, -20.0
-2.439926779998781, 2.325213348786456, -8.947233580763502, 25.747386812380935, -18.0513663631072, -153.37713855658455, -20.0, -20.0, -20.0
-2.426874789127253, 2.3160085631491074, -9.024097438338485, 26.4605766737314, -18.767776186286195, -154.07829174334898, -20.0, -20.0, -20.0
-2.4134814451092406, 2.3064527249964373, -9.101288795782859, 27.112799398318163, -19.455576424395105, -154.68713803414832, -20.0, -20.0, -20.0
-2.399776602048848, 2.2965604223787754, -9.178763022831603, 27.706572843253483, -20.11363404625134, -155.20977016082853, -20.0, -20.0, -20.0
-2.38578833103103, 2.2863463818465193, -9.25647908612166, 28.246511228017855, -20.742528082773124, -155.6544829994, -20.0, -20.0, -20.0
-2.3715421209454, 2.275824761559525, -9.334400340597401, 28.738329114501806, -21.343953065205085, -156.0305349035654, -20.0, -20.0, -20.0
-2.3570605073409956, 2.2650087101340812, -9.412494797811535, 29.188125303116507, -21.920252636568517, -156.3472939529672, -20.0, -20.0, -20.0
-2.342362995839246, 2.253910124659966, -9.490735050023522, 29.60192070388241, -22.474089259890786, -156.61371489498495, -20.0, -20.0, -20.0
-2.327466167575346, 2.242539545260157, -9.569097994056415, 29.985392351717714, -23.00822833934596, -156.83806123658604, -20.0, -20.0, -20.0
-2.3123838834407846, 2.2309061362253044, -9.647564457185426, 30.3437441865266, -23.525407800063025, -157.02779127946226, -20.0, -20.0, -20.0
-2.297127530870348, 2.2190177175830264, -9.726118791112588, 30.681666095219995, -24.028266769049434, -157.18954442918667, -20.0, -20.0, -20.0
-2.281706277836641, 2.206880822661925, -9.804748472968276, 31.003346039607482, -24.519312915354526, -157.32918299356575, -20.0, -20.0, -20.0
-2.266127313417164, 2.1945007659262674, -9.883443733783091, 31.31251163830113, -25.000914027277098, -157.45186026569698, -20.0, -20.0, -20.0
-2.2503960639548297, 2.181881711337812, -9.962197223105568, 31.612486211035755, -25.475304326544684, -157.56209702420648, -20.0, -20.0, -20.0
-2.2345163798403833, 2.16902673534919, -10.041003711418323, 31.906250246749458, -25.94459962794313, -157.66385622681415, -20.0, -20.0, -20.0
-2.21849069149257, 2.1559378809619445, -10.119859828112581, 32.196503144504454, -26.410817921039538, -157.76061055021805, -20.0, -20.0, -20.0
-2.2023201350754453, 2.1426162005935026, -10.198763830848407, 32.485722523993125, -26.875903552727596, -157.85540039308597, -20.0, -20.0, -20.0
-2.186004649467941, 2.1290617861592946, -10.277715401362896, 32.7762199060247, -27.34175418410416, -157.95088166487173, -20.0, -20.0, -20.0
-2.169543046372757, 2.115273785040696, -10.356715462677162, 33.07019247470905, -27.810250290288902, -158.04936359219494, -20.0, -20.0, -20.0
-2.152933055457903, 2.1012504006378836, -10.435766012874314, 33.36977118470756, -28.283287320961072, -158.15283719641158, -20.0, -20.0, -20.0
-2.136171346207805, 2.0869888760950284, -10.514869970981984, 33.67706581568434, -28.762810850460525, -158.2629952342673, -20.0, -20.0, -20.0
-2.119253527805928, 2.0724854595845854, -10.594031030885787, 33.994207791824294, -29.25085519131168, -158.3812443809452, -20.0, -20.0, -20.0
-2.102174127925047, 2.057735349269381, -10.673253519570665, 34.32339173169915, -29.74958606950497, -158.50871035856113, -20.0, -20.0, -20.0
-2.084926550790264, 2.0427326157292973, -10.752542256318232, 34.66691680743466, -30.261348090829866, -158.64623663170713, -20.0, -20.0, -20.0
-2.067503014314344, 2.027470099236533, -10.831902409787666, 35.027229096245165, -30.78871788022759, -158.79437724602883, -20.0, -20.0, -20.0
-2.049894465484809, 2.0119392787765724, -10.911339350200947, 35.40696622189329, -31.33456395961483, -158.95338440709733, -20.0, -20.0, -20.0
-2.032090472497281, 1.996130109123728, -10.990858494180449, 35.809005728218516, -31.902114651762517, -159.12319151091216, -20.0, -20.0, -20.0
-2.0140790913591906, 1.9800308215683504, -11.070465140200131, 36.23651882414383, -32.49503556974807, -159.30339256781983, -20.0, -20.0, -20.0
-1.9958467037986345, 1.9636276830277695, -11.150164293174722, 36.693031418080615, -33.11751859257554, -159.4932193305472, -20.0, -20.0, -20.0
-1.9773778222546583, 1.9469047072117904, -11.229960477498349, 37.18249475782403, -33.77438467134072, -159.69151796395903, -20.0, -20.0, -20.0
-1.9586548564243382, 1.929843310190749, -11.30985753893756, 37.709368563455996, -34.471203412824366, -159.89672779288537, -20.0, -20.0, -20.0
-1.9396578341930384, 1.9124219010278514, -11.389858437270313, 38.27872036174342, -35.21443323876674, -160.10686553812556, -20.0, -20.0, -20.0
-1.9203640676249079, 1.8946153959281105, -11.469965033526401, 38.896345910778564, -36.011587160196726, -160.31951948622944, -20.0, -20.0, -20.0
-1.9007477518217368, 1.876394641375002, -11.550177878198303, 39.56891730190534, -36.87143105223716, -160.53185920137776, -20.0, -20.0, -20.0
-1.8807794805529707, 1.8577257275897807, -11.630496009904176, 40.304167773158994, -37.804224088647835, -160.7406676221147, -20.0, -20.0, -20.0
-1.8604256571589266, 1.838569167773641, -11.71091677771627, 41.11112580301729, -38.82201517591089, -160.94240362625496, -20.0, -20.0, -20.0
-1.8396477716635617, 1.8188789100991567, -11.791435704709805, 42.00041617844169, -39.9390155220264, -161.1333043478851, -20.0, -20.0, -20.0
-1.8184015043163766, 1.798601136983577, -11.872046415227091, 42.98465321029852, -41.17207694029237, -161.30953772125767, -20.0, -20.0, -20.0
-1.7966356004412212, 1.7776727878170488, -11.952740653934155, 44.07896229032279, -42.54131972582081, -161.46741710699936, -20.0, -20.0, -20.0
-1.7742904392560066, 1.756019714020021, -12.033508431193859, 45.301682450535324, -44.07097546228995, -161.60369193181828, -20.0, -20.0, -20.0
-1.7512961867329446, 1.7335543344049165, -12.114338337188547, 46.67532764171274, -45.79054299812889, -161.71593204693352, -20.0, -20.0, -20.0
-1.7275703739637278, 1.7101725969136357, -12.195218077890075, 48.22792343515453, -47.736406966994124, -161.80303075918187, -20.0, -20.0, -20.0
