-0.018599800942622608, 0.02984673596597616, -0.0046418571807877625, -66.46973140800078, 106.67669003030055, -16.54296573820645, -20.0, 20.0, 20.0
-0.03259436797587328, 0.052193863477446936, -0.007741939573260249, 10.491463274998125, -17.288179984417425, 4.142636168316503, -20.0, -20.0, 20.0
-0.03716768680363803, 0.059290780450991516, -0.008052698649789181, -28.78473858605713, 45.675847878595754, -5.385672474432237, -20.0, 20.0, 20.0
-0.0569604021842406, 0.09076937236707583, -0.011991646719358127, -50.38612293635317, 80.23851978574149, -10.370119803843547, -20.0, 20.0, 20.0
-0.07601945712994818, 0.12100516902292156, -0.015465513564915195, -25.85009684647712, 40.70466683764144, -3.525347578384727, -20.0, 20.0, 20.0
-0.09021643507762414, 0.14336281841567994, -0.017411702291031003, -30.937814944226723, 48.725930733392076, -4.259407326078507, -20.0, 20.0, 20.0
-0.10512323275616141, 0.1667896171580739, -0.019258194786306786, -28.68937576992236, 44.98126423618366, -3.126562655024631, -20.0, 20.0, 20.0
-0.11904594885752329, 0.18856935674160732, -0.020574553234510712, -27.001488635525135, 42.13769409795006, -2.1388711377910643, -20.0, 20.0, 20.0
-0.13221625407411197, 0.20907442970400433, -0.021420822392281897, -25.679732230829632, 39.882597751638016, -1.246205493293679, -20.0, 20.0, 20.0
-0.14478790157682656, 0.2285519546077346, -0.0218369733395248, -24.60685778002868, 38.02750186328296, -0.41839829567793807, -20.0, 20.0, 20.0
-0.1568678036138602, 0.24717375517983317, -0.02185092917599817, -23.71275036810592, 36.459700425111365, 0.36257494978446503, -20.0, 20.0, 20.0
-0.16853412182333322, 0.26506544020711165, -0.021483225452594595, -22.952522469786125, 35.10703968400249, 1.1082399438298238, -20.0, 20.0, 20.0
-0.17984621495950787, 0.28232239431041856, -0.02074957289809175, -22.29585007491246, 33.92077672922512, 1.8263702741815595, -20.0, 20.0, 20.0
-0.19085051824759316, 0.2990192291139374, -0.019662372275901126, -21.72136307742875, 32.86656248485041, 2.5224322145809355, -20.0, 20.0, 20.0
-0.2015842291733094, 0.3152157084238627, -0.01823166427031874, -21.213480625436226, 31.919354754850836, 3.200399807748609, -20.0, 20.0, 20.0
-0.21207772961055402, 0.3309606421514761, -0.01646575390387635, -20.760521123542286, 31.060380155602612, 3.863241658020963, -20.0, 20.0, 20.0
-0.22235623977537072, 0.3462945454341327, -0.014371637100398533, -20.353519535724505, 30.275232975023858, 4.513225555890296, -20.0, 20.0, 20.0
-0.23244098415102304, 0.36125151326469845, -0.011955301546377497, -19.985457966884827, 29.55263834723924, 5.1521166601938475, -20.0, 20.0, 20.0
-0.24235003574262795, 0.37586057803934575, -0.009221944697298631, -19.6507483995348, 28.883620751349888, 5.781310736121618, -20.0, 20.0, 20.0
-0.25209894160098045, 0.3901467154934154, -0.006176135441604955, -19.344875033875276, 28.26092906492863, 6.401926286653086, -20.0, 20.0, 20.0
-0.26170119558193644, 0.40413160506338414, -0.0028219364120847744, -19.064140889948778, 27.67862921494632, 7.014869831427638, -20.0, 20.0, 20.0
-0.27116860190792114, 0.417834214706764, 0.0008370018349935855, -18.80548441398998, 27.131809358573214, 7.620883156885803, -20.0, 20.0, 20.0
-0.28051155906946434, 0.43127125766141566, 0.004797367166087007, -18.56634423218282, 26.616362460033343, 8.220578167487883, -20.0, 20.0, 20.0
-0.28973928456041903, 0.44445755408748433, 0.009056127464621193, -18.344557731635877, 26.128823244241335, 8.814463026648864, -20.0, 20.0, 20.0
-0.29885999495898574, 0.4574063209199972, 0.013610483736728601, -18.138283862631027, 25.666244085810185, 9.402962061780773, -20.0, 20.0, 20.0
-0.3078810518200293, 0.47012940675522613, 0.01845783203431935, -17.94594358154314, 25.22609925510549, 9.986431128582215, -20.0, 20.0, 20.0
-0.3168090810505011, 0.4826374841030699, 0.02359573222097238, -17.76617334034413, 24.806210136269474, 10.565169618029909, -20.0, 20.0, 20.0
-0.3256500714756363, 0.49494020818029655, 0.02902188211211253, -17.597788360196688, 24.404686172637078, 11.139429946530688, -20.0, 20.0, 20.0
-0.3344094568996994, 0.5070463491626648, 0.034734095882604746, -17.43975333605589, 24.019877756835836, 11.709425135438186, -20.0, 20.0, 20.0
-0.34309218494644433, 0.5189639031764643, 0.0407302858973167, -17.29115885092377, 23.650338298362524, 12.275334923409629, -20.0, 20.0, 20.0
-0.3517027752151994, 0.5307001861055276, 0.047008447313235925, -17.151202224096387, 23.294793417890713, 12.83731074026727, -20.0, 20.0, 20.0
-0.3602453687303979, 0.5422619133925737, 0.05356664494551873, -17.019171836697673, 22.95211573029363, 13.39547978886394, -20.0, 20.0, 20.0
-0.36872377024183756, 0.553655268337682, 0.06040300199820318, -16.894434209060783, 22.62130405013966, 13.949948421873847, -20.0, 20.0, 20.0
-0.3771414846126644, 0.5648859608817843, 0.06751569034284723, -16.776423274246557, 22.301466126269688, 14.500804956702371, -20.0, 20.0, 20.0
-0.38550174828571604, 0.5759592784669961, 0.07490292209183584, -16.664631417960116, 21.991804214577446, 15.048122039252066, -20.0, 20.0, 20.0
-0.3938075566276065, 0.5868801302581393, 0.08256294226238341, -16.55860194960186, 21.691602949995218, 15.59195864293822, -20.0, 20.0, 20.0
-0.4020616878001907, 0.5976530857690655, 0.09049402236584526, -16.45792274073472, 21.40021909370931, 16.132361770909192, -20.0, 20.0, 20.0
-0.4102667236908556, 0.6082824087473759, 0.09869445478740597, -16.362220821924975, 21.117072819532392, 16.669367915333645, -20.0, 20.0, 20.0
-0.4184250683391003, 0.6187720870200368, 0.10716254784542739, -16.271157771053836, 20.84164027111109, 17.203004316752008, -20.0, 20.0, 20.0
-0.4265389642215976, 0.6291258588813861, 0.11589662143912685, -16.18442575893519, 20.57344717428564, 17.73329005804581, -20.0, 20.0, 20.0
-0.43461050669725665, 0.6393472365074883, 0.1248950032088798, -16.101744143700966, 20.312063330123244, 18.260237020965985, -20.0, 20.0, 20.0
-0.442641656864586, 0.6494395268016767, 0.13415602514610767, -16.022856525616366, 20.05709784663077, 18.783850727945488, -20.0, 20.0, 20.0
-0.4506342530434947, 0.6594058500115677, 0.14367802060003879, -15.947528190018282, 19.808194992933288, 19.304131087778995, -20.0, 20.0, 20.0
-0.4585900210607174, 0.6692491564048749, 0.15345932163709372, -15.87554387887247, 19.565030580295588, 19.821073060440703, -20.0, 20.0, 20.0
-0.4665105834908681, 0.6789722412476759, 0.16349825671561566, -15.80670584173036, 19.327308790908287, 20.33466725364706, -20.0, 20.0, 20.0
-0.4743974679825948, 0.6885777582925853, 0.17379314864443116, -15.740832125176404, 19.094759388729344, 20.844900461614902, -20.0, 20.0, 20.0
-0.48225211478054075, 0.6980682319541511, 0.1843423127985124, -15.67775506660739, 18.86713525753419, 21.351756154710078, -20.0, 20.0, 20.0
-0.4900758835381168, 0.7074460683235844, 0.19514405556900102, -15.617319963696945, 18.64421022019868, 21.855214927244358, -20.0, 20.0, 20.0
-0.4978700595028963, 0.716713565153764, 0.20619667302818595, -15.559383895421133, 18.425777100520047, 22.355254909495336, -20.0, 20.0, 20.0
-0.505635859145314, 0.7258729209276154, 0.21749844979282093, -15.503814674249277, 18.211645994884936, 22.851852149044607, -20.0, 20.0, 20.0
-0.5133744352919242, 0.7349262431078534, 0.22904765807151073, -15.450489912191529, 18.0016427260671, 23.344980965714605, -20.0, 20.0, 20.0
-0.5210868818164626, 0.7438755556532639, 0.2408425568838651, -15.399296185962223, 17.7956074555752, 23.834614283702916, -20.0, 20.0, 20.0
-0.5287742379351187, 0.7527228058757647, 0.25288139144077576, -15.35012828866222, 17.593393434428084, 24.320723943939736, -20.0, 20.0, 20.0
-0.5364374921465795, 0.7614698707031554, 0.2651623926765632, -15.30288855718109, 17.3948658751347, 24.803280999210003, -20.0, 20.0, 20.0
-0.5440775858523831, 0.7701185624044635, 0.27768377692490837, -15.257486266033013, 17.19990093009769, 25.282255994170484, -20.0, 20.0, 20.0
-0.551695416688796, 0.7786706338279188, 0.29044374573146137, -15.213837079618331, 17.008384763723548, 25.757619232041492, -20.0, 20.0, 20.0
-0.5592918415976971, 0.7871277831956679, 0.3034404857968348, -15.171862555986298, 16.820212707272862, 26.22934102945217, -20.0, 20.0, 20.0
-0.5668676796607177, 0.7954916584942298, 0.31667216904436274, -15.131489696096358, 16.63528848697444, 26.69739196065965, -20.0, 20.0, 20.0
-0.5744237147180824, 0.8037638614952732, 0.3301369528075624, -15.092650533362184, 16.45352351719954, 27.16174309213895, -20.0, 20.0, 20.0
-0.5819606977911571, 0.8119459514374688, 0.34383298013268376, -15.055281758936557, 16.274836251582727, 27.62236620834658, -20.0, 20.0, 20.0
-0.5894793493255848, 0.8200394483968427, 0.35775838019209355, -15.019324378774085, 16.09915158591261, 28.079234029292664, -20.0, 20.0, 20.0
-0.5969803612700302, 0.8280458363701766, 0.3719112688045191, -14.984723399007638, 15.926400307422849, 28.532320420409462, -20.0, 20.0, 20.0
-0.6044643990039335, 0.8359665660934851, 0.3862897490583906, -14.951427536605536, 15.75651858581124, 28.98160059507656, -20.0, 20.0, 20.0
-0.6119321031262474, 0.8438030576154175, 0.40089191203467256, -14.919388952650252, 15.5894475019186, 29.427051310051446, -20.0, 20.0, 20.0
-0.619384091115886, 0.851556702643528, 0.41571583762567477, -14.888563005904196, 15.42513261052325, 29.868651053957304, -20.0, 20.0, 20.0
-0.6268209588735149, 0.8592288666796994, 0.4307595954463881, -14.858908024611168, 15.263523534162639, 30.30638022889587, -20.0, 20.0, 20.0
-0.63424328215335, 0.8668208909595627, 0.44602124583490727, -14.830385094729314, 15.10457358529057, 30.740221325180798, -20.0, 20.0, 20.0
-0.6416516178927844, 0.8743340942094915, 0.46149884093848376, -14.80295786300787, 14.948239414424386, 31.170159089125207, -20.0, 20.0, 20.0
-0.6490465054469138, 0.8817697742336572, 0.4771904258817063, -14.776592353509896, 14.79448068223841, 31.596180683765024, -20.0, 20.0, 20.0
-0.6564284677343788, 0.8891292093426727, 0.49309404001323676, -14.751256796350114, 14.643259753823402, 32.01827584235678, -20.0, 20.0, 20.0
-0.6637980123003573, 0.8964136596345189, 0.5092077182274394, -14.72692146756398, 14.494541413561569, 32.43643701445386, -20.0, 20.0, 20.0
-0.6711556323020367, 0.9036243681377261, 0.5255294923571375, -14.703558539153613, 14.348292599267058, 32.850659504338736, -20.0, 20.0, 20.0
-0.6785018074214427, 0.9107625618261469, 0.5420573926336146, -14.681141938470642, 14.204482154416183, 33.2609416015696, -20.0, 20.0, 20.0
-0.6858370047101097, 0.9178294525141116, 0.558789449209854, -14.659647216196923, 14.063080597442921, 33.66728470338791, -20.0, 20.0, 20.0
-0.6931616793697273, 0.9248262376402739, 0.575723693742883, -14.639051422273356, 13.924059907206166, 34.06969342872831, -20.0, 20.0, 20.0
-0.700476275472597, 0.9317541009480375, 0.5928581610309586, -14.619332989205745, 13.787393323847917, 34.4681757235738, -20.0, 20.0, 20.0
-0.7077812266254601, 0.938614213070089, 0.6101908907012036, -14.600471622246234, 13.653055164358086, 34.862742957406475, -20.0, 20.0, 20.0
-0.7150769565800241, 0.9454077320242394, 0.6277199289431845, -14.582448196010144, 13.521020652243626, 35.25341001051748, -20.0, 20.0, 20.0
-0.7223638797933122, 0.9521358036274925, 0.6454433302838035, -14.565244657141994, 13.39126576076868, 35.640195351958575, -20.0, 20.0, 20.0
-0.7296424019407707, 0.9587995618350071, 0.6633591593987785, -14.54884393269189, 13.263767069289896, 36.023121107941414, -20.0, 20.0, 20.0
-0.7369129203849198, 0.9654001290103942, 0.6814654929558936, -14.533229843904962, 13.138501632258066, 36.40221312051896, -20.0, 20.0, 20.0
-0.7441758246021868, 0.9719386161335825, 0.6997604214851274, -14.518387025162747, 13.015446860495041, 36.77750099641594, -20.0, 20.0, 20.0
-0.7514314965704392, 0.9784161229523023, 0.7182420512707093, -14.504300847846833, 12.894580414384405, 37.149018145911505, -20.0, 20.0, 20.0
-0.7586803111196314, 0.9848337380830575, 0.7369085062601163, -14.490957348922318, 12.775880108636695, 37.51680181171641, -20.0, 20.0, 20.0
-0.7659436329899267, 0.9912561618880444, 0.7556023729571698, -14.56233013225912, 12.913815111310972, 37.25866497649786, -20.0, 20.0, 1.6300224697397425
-0.7732665235082415, 0.9978205909010023, 0.7739851302800167, -14.729231941000249, 13.343900940520268, 36.27236431488967, -20.0, 20.0, -20.0
-0.7806706968808483, 1.0045961949895679, 0.7918767030390826, -14.887461549426849, 13.758515413742176, 35.293926721373936, -20.0, 20.0, -20.0
-0.788151884088486, 1.0115753411407375, 0.8092810705241222, -15.037287281124108, 14.158069190936537, 34.32354321878447, -20.0, 20.0, -20.0
-0.7956956690503487, 1.0187203472520148, 0.8262766758436709, -15.137852566326536, 14.421955254172415, 33.65887805941034, -20.0, 20.0, -11.071337319925078
-0.8032986354150772, 1.0260248674261683, 0.8428672992099756, -15.27401289258727, 14.796125442441284, 32.70361540580836, -20.0, 20.0, -20.0
-0.8109324810726211, 1.0334104817553527, 0.8592354845558208, -15.261369737588298, 14.746331874295851, 32.76912597757252, -20.0, 20.0, 10.638167102617444
-0.8185954442061241, 1.0408733180429603, 0.875384224943888, -15.390482796423832, 15.105013276134477, 31.82583557469646, -20.0, 20.0, -20.0
-0.8263211516718904, 1.0485121795372125, 0.8910634679729056, -15.512347066641333, 15.450432700873913, 30.891136541373733, -20.0, 20.0, -20.0
-0.8341060422250423, 1.0563205414541843, 0.9062775205425908, -15.627215145966312, 15.783014967013148, 29.965073737366986, -20.0, 20.0, -20.0
-0.8419378964879474, 1.0642671735817666, 0.9210928613118241, -15.70020190565437, 16.003513543316068, 29.296289339566428, -20.0, 20.0, -12.345491202644553
-0.8498046494293657, 1.072320611868414, 0.9355787742067886, -15.766809860019181, 16.2102396032744, 28.647362240291304, -20.0, 20.0, -11.926678565633665
-0.8577043401961018, 1.0804773394243372, 0.949737037340964, -15.831953206925034, 16.416670620418127, 27.985690296410567, -20.0, 20.0, -12.514474765289378
-0.8656299747483915, 1.0887197019294104, 0.9636054157956577, -15.870585002234183, 16.552779399874368, 27.487823522364057, -20.0, 20.0, -7.604454196720326
-0.8735883580552019, 1.0970679719180283, 0.9771271221413473, -15.962948225007198, 16.84030055459707, 26.599001860394285, -20.0, 20.0, -20.0
-0.8815461343310845, 1.105431952523948, 0.9905245184018161, -15.868156878523715, 16.615621869081338, 26.990583181480563, -20.0, 20.0, 20.0
-0.8895029473821403, 1.113809977948414, 1.003800215953712, -15.959095325699593, 16.89647982878262, 26.112207026103544, -20.0, 20.0, -20.0
-0.8975038356564952, 1.1223258345362284, 1.0166388740844783, -16.04445777171976, 17.16694652247486, 25.242425496961744, -20.0, 20.0, -20.0
-0.9055460623467647, 1.13097442175994, 1.029044770454447, -16.12444898935861, 17.427402372371482, 24.381159982912994, -20.0, 20.0, -20.0
-0.9136051447802528, 1.13969155091841, 1.0411747731429373, -16.111880744593734, 17.441114261508268, 24.138850771048357, -20.0, 20.0, -0.467989518552713
-0.9216797193253313, 1.1484741845387665, 1.053032257001761, -16.186417435720227, 17.689420219917327, 23.29108466424662, -20.0, 20.0, -20.0
-0.9297662998430802, 1.157314031553411, 1.064635783162477, -16.1599046352754, 17.669967838660096, 23.12301997861765, -20.0, 20.0, 1.659695288896728
-0.9378637566715706, 1.1662084416525125, 1.0759885789469221, -16.229922678686233, 17.907672557745723, 22.2881631591627, -20.0, 20.0, -20.0
-0.9459778491916043, 1.1751736320672372, 1.0870461654902344, -16.226447401448745, 17.953089101153523, 21.94218301408647, -20.0, 20.0, -4.362901200770466
-0.9541071919905842, 1.1842066382383454, 1.0978119512340916, -16.290923794470793, 18.178935583279387, 21.120959961342496, -20.0, 20.0, -20.0
-0.9622240468821318, 1.1932350646604026, 1.1084740465175833, -16.176495771719335, 17.934770104949628, 21.527421172624123, -20.0, 20.0, 20.0
-0.97032850028834, 1.202258092354738, 1.1190348050290642, -16.24131785311323, 18.157340672391133, 20.71561287329903, -20.0, 20.0, -20.0
-0.9784642899907582, 1.2113904187297821, 1.1291916291023252, -16.30184095655958, 18.37196482778604, 19.911683419744858, -20.0, 20.0, -20.0
-0.9866162887009331, 1.2205940895586467, 1.1390395923114787, -16.306153884140155, 18.442718487672337, 19.480169416869096, -20.0, 20.0, -7.894404715828841
-0.9947726626755722, 1.2298390190148514, 1.1486553935571389, -16.3193420144162, 18.536999337146472, 18.983035565771242, -20.0, 20.0, -10.223273023058027
-1.0029215175270183, 1.2390946353944965, 1.1581201100724219, -16.27607739136866, 18.485466181434344, 18.875830495360802, -20.0, 20.0, 2.661285985570885
-1.0110731140775153, 1.2483870997150475, 1.1673628849533007, -16.330308810619364, 18.68439110076986, 18.09526902815407, -20.0, 20.0, -20.0
-1.019217325421449, 1.2576907235864199, 1.1764533268201092, -16.246536565115004, 18.5301043847196, 18.266498439080063, -20.0, 20.0, 11.847170943548917
-1.0273539386003891, 1.2670044117162336, 1.1853938889253395, -16.299916150645817, 18.724648134535165, 17.495749981840778, -20.0, 20.0, -20.0
-1.0355163227365671, 1.2764137109324865, 1.1939508801198662, -16.34962039406613, 18.912548730476203, 16.732214796265644, -20.0, 20.0, -20.0
-1.0436612030992727, 1.2858094029084783, 1.2024210152335606, -16.22990105675591, 18.67021917349112, 17.148325658511833, -20.0, 20.0, 20.0
-1.051788832959565, 1.2951911019478566, 1.2108063367884991, -16.28061838441392, 18.856576984022283, 16.392960561241914, -20.0, 20.0, -20.0
-1.0599409511592677, 1.3046644260390474, 1.2188157116384486, -16.32785441439635, 19.03671938074143, 15.64453883855601, -20.0, 20.0, -20.0
-1.06807506696428, 1.3141230764529042, 1.2267424244944156, -16.208608805653288, 18.79788227468512, 16.06231258531181, -20.0, 20.0, 20.0
-1.0761914475009682, 1.3235667374860118, 1.2345884332968826, -16.256913341099395, 18.976761857745323, 15.321722624556463, -20.0, 20.0, -20.0
-1.084331154516153, 1.333098384774757, 1.2420658139626415, -16.3019147196394, 19.149827297235237, 14.58780003847915, -20.0, 20.0, -20.0
-1.0924524858868139, 1.3426145539055474, 1.2494645237812962, -16.183410763004503, 18.914849225925966, 15.007039236139688, -20.0, 20.0, 20.0
-1.1005557183953198, 1.352114992202359, 1.2567864341065271, -16.22951927101919, 19.08690396132062, 14.280602064784242, -20.0, 20.0, -20.0
-1.10868122037429, 1.3617000985457142, 1.2637467228404893, -16.272488644861298, 19.25352141210004, 13.560552871064477, -20.0, 20.0, -20.0
-1.116788081746789, 1.3712691551004283, 1.2706321248539787, -16.154956845135242, 19.02270480675682, 13.98105518289354, -20.0, 20.0, 20.0
-1.1248765855521725, 1.3808219661946417, 1.2774444237856608, -16.19905837639904, 19.188539570096513, 13.26814054383535, -20.0, 20.0, -20.0
-1.1329800359184041, 1.3904406663914117, 1.2839478235892288, -16.21474308852712, 19.286261216983533, 12.745458670436431, -20.0, 20.0, -13.460981683948376
-1.141058600073601, 1.4000275681854446, 1.2904257348603223, -16.099513532260236, 19.06134595914797, 13.166186413938048, -20.0, 20.0, 20.0
-1.1491191939187744, 1.409598638091556, 1.2968336298659286, -16.142861848433093, 19.222933665297482, 12.465393608487645, -20.0, 20.0, -20.0
-1.1572007443679513, 1.419249302206918, 1.302892593977945, -16.183339948274135, 19.379722796150194, 11.770462839577492, -20.0, 20.0, -20.0
-1.1652639187253968, 1.4288840512987084, 1.3088832310996674, -16.069357481507645, 19.159273571012076, 12.19208564731203, -20.0, 20.0, 20.0
-1.1733089893528816, 1.4385027593811943, 1.3148071700346677, -16.110925028431268, 19.315558758931235, 11.503670092689395, -20.0, 20.0, -20.0
-1.1813524773881356, 1.4481454358219805, 1.3205480665650553, -16.06302711258475, 19.255147004213594, 11.459916028860746, -20.0, 20.0, 3.168392304180543
-1.1893939592924512, 1.457811073353553, 1.3261080098992923, -16.102900504677677, 19.407403122076076, 10.779857308087813, -20.0, 20.0, -20.0
-1.197417773517422, 1.4674617078493375, 1.3316032818890842, -15.992356395205555, 19.19513486106187, 11.201230651079461, -20.0, 20.0, 20.0
-1.205424171417276, 1.477097231604511, 1.3370354256262862, -16.033235204210413, 19.346960159632463, 10.527344297728257, -20.0, 20.0, -20.0
-1.2134336082861399, 1.4867669357488824, 1.3422570203996886, -16.004512271245254, 19.33185641785289, 10.359034795881104, -20.0, 20.0, -1.6207490281581158
-1.2214409288212622, 1.4964585852298644, 1.3473044011553672, -16.02476986924399, 19.4347415060749, 9.830488226833497, -20.0, 20.0, -14.953201619349784
-1.229426550817167, 1.5061249154370258, 1.3523248674051653, -15.91771811437464, 19.230579322570325, 10.251376772359217, -20.0, 20.0, 20.0
-1.2373954665218614, 1.5157771632971462, 1.3572855029870736, -15.957944704403454, 19.378412117911466, 9.59116555527389, -20.0, 20.0, -20.0
-1.2453631608571072, 1.5254523294080609, 1.3620742461160313, -15.91283263657975, 19.32225232574743, 9.563806960557246, -20.0, 20.0, 3.3643032156285244
-1.253329249246469, 1.535149572190962, 1.366692950959297, -15.951520920867152, 19.466718805857127, 8.911012412505414, -20.0, 20.0, -20.0
-1.2612394412003733, 1.544751834055156, 1.371337775156931, -15.689246894750259, 18.942328650919286, 9.668284378029753, -20.0, -20.0, 20.0
-1.2690561836681717, 1.5541798134748668, 1.3760922605558297, -15.577722976443155, 18.769589027923395, 9.349657217565758, -20.0, -19.77356023767561, -20.0
-1.276817960806676, 1.5635223011728476, 1.3806875061000403, -15.469385577574238, 18.600361763999643, 9.031324959277077, -20.0, -20.0, -20.0
-1.2845265508615187, 1.5727814584698196, 1.3851232023946942, -15.36497464179639, 18.43626742388841, 8.711460219338482, -20.0, -20.0, -20.0
-1.2921838740380773, 1.5819597903870102, 1.3893986032725285, -15.264318064438068, 18.277060244873773, 8.39014329199903, -20.0, -20.0, -20.0
-1.2997917670256502, 1.591059682989034, 1.3935130012954429, -15.167253885853292, 18.122510163221477, 8.067448799658195, -20.0, -20.0, -20.0
-1.3073502617386654, 1.6000792752699766, 1.3974792308929105, -15.066724966207044, 17.95585896054872, 7.7974695902120414, -20.0, -20.0, -17.939830436555667
-1.314844165057677, 1.608980252553062, 1.4014297049989004, -14.90888830983911, 17.648050171793468, 8.004426833747715, -20.0, -20.0, 0.3599450754663849
-1.3222774722787607, 1.6177696013410756, 1.4053498687904324, -14.824340574495928, 17.509344980260312, 7.676228332380867, -20.0, -20.0, -20.0
-1.3296692440358013, 1.626490530073371, 1.4091056742571535, -14.742746453667046, 17.374369948921245, 7.346993534503057, -20.0, -20.0, -20.0
-1.3370161892596926, 1.6351335349090927, 1.4127343232573013, -14.645034441897458, 17.19764939396578, 7.167602466088477, -20.0, -20.0, -14.182834060923824
-1.344312547766724, 1.6436830789399421, 1.4162936514367752, -14.540399586227917, 17.000526729431687, 7.0697102518071855, -20.0, -20.0, -10.962461379338038
-1.3515647919241562, 1.6521526269070668, 1.419745229500988, -14.468577043501067, 16.877665139066544, 6.736602005044148, -20.0, -20.0, -20.0
-1.3587561108808812, 1.6605002716976773, 1.423236720239658, -14.29669878339894, 16.512914023375714, 7.229360949636149, -20.0, -20.0, 12.139474636347131
-1.3658885436531498, 1.6687284691414315, 1.426767190826504, -14.23303230567537, 16.39987575164079, 6.892521397748104, -20.0, -20.0, -20.0
-1.372989694732658, 1.676900810778866, 1.4301290848597366, -14.171572012358014, 16.28949079809816, 6.555054735182191, -20.0, -20.0, -20.0
-1.3800606472909378, 1.685018597469701, 1.433322095366409, -14.112238220760622, 16.181655965241575, 6.216987291507903, -20.0, -20.0, -20.0
-1.3870916896763772, 1.693057388282341, 1.4364342036706805, -14.011931320997231, 15.973507285318497, 6.231445925577908, -20.0, -20.0, -6.129375445192409
-1.3940841575091636, 1.7010187620048414, 1.4394649177447116, -13.95794001014871, 15.871987604683031, 5.891410370546718, -20.0, -20.0, -20.0
-1.4010319772624773, 1.708886622403977, 1.4424755902381752, -13.833339003106413, 15.599453991859134, 6.1512796033073105, -20.0, -20.0, 3.700607342320609
-1.4079366092067656, 1.716662665480974, 1.4454656421578378, -13.78518877404675, 15.504718316128857, 5.808928075342849, -20.0, -20.0, -20.0
-1.41481759057894, 1.724391829148897, 1.448284422463287, -13.73873671465129, 15.4119363555634, 5.466193146453511, -20.0, -20.0, -20.0
-1.4216537709267474, 1.7320224684416805, 1.4511164149258835, -13.60598467657851, 15.110620815569865, 5.861776703932856, -20.0, -20.0, 9.368509693784517
-1.428446585483106, 1.7395562148222887, 1.4539610495780306, -13.565273548856524, 15.02436470686328, 5.516761904655954, -20.0, -20.0, -20.0
-1.4352194138789942, 1.7470472445447205, 1.4566331105888286, -13.526040034696285, 14.939754182863492, 5.171482138535572, -20.0, -20.0, -20.0
-1.441963328780302, 1.7544732240044143, 1.45921473039449, -13.44961957053479, 14.76416365591144, 5.154997084110322, -20.0, -20.0, -6.827481852502842
-1.4486793003921155, 1.7618352320667159, 1.4617056203794623, -13.414266876719553, 14.683868593295124, 4.808562855778328, -20.0, -20.0, -20.0
-1.455349020916321, 1.7690880464991876, 1.46427195559272, -13.264615220102554, 14.327389136591808, 5.456777997252517, -20.0, -20.0, 20.0
-1.461973914669084, 1.7762332336640567, 1.4669131687662507, -13.234959790949876, 14.253359522884944, 5.108074696870506, -20.0, -20.0, -20.0
-1.4685842736143144, 1.7833417116804189, 1.4693800048892969, -13.206475989971969, 14.180552542563541, 4.759269795313903, -20.0, -20.0, -20.0
-1.4751806748439948, 1.7904140831406063, 1.4716724129958296, -13.179128928749964, 14.1089332981862, 4.410362630817405, -20.0, -20.0, -20.0
-1.4817425767960588, 1.7974000572461726, 1.473975561409518, -13.068478879505593, 13.83496312407903, 4.80223102393645, -20.0, -20.0, 10.042698028121436
-1.4882710637790444, 1.804300791288556, 1.4762890843150753, -13.045469052437063, 13.767973045454829, 4.451860598292497, -20.0, -20.0, -20.0
-1.4947882946806044, 1.8111682802938212, 1.478427413291288, -13.023454553802894, 13.701982975605754, 4.101455306558012, -20.0, -20.0, -20.0
-1.5012734269719292, 1.8179513818713462, 1.4805806840523708, -12.917074611496624, 13.430423334494797, 4.511627737772746, -20.0, -20.0, 11.029160220874473
-1.5077274656769666, 1.8246511459979307, 1.4827485759379886, -12.899080208653018, 13.368633171843372, 4.159939804698205, -20.0, -20.0, -20.0
-1.5141727250510646, 1.8313202245782478, 1.4847406293797418, -12.881957287738622, 13.307681149425557, 3.8082739623148574, -20.0, -20.0, -20.0
-1.520587532210798, 1.837905288554205, 1.486756989711104, -12.777271351195091, 13.032574754403216, 4.257167363133251, -20.0, -20.0, 12.846484273421083
-1.5269728345646714, 1.8444073074540872, 1.488797368784384, -12.76393806429804, 12.975500845124856, 3.904348929987026, -20.0, -20.0, -20.0
-1.5333516606613073, 1.850880963346346, 1.4906613566564497, -12.75136632224589, 12.919122723910638, 3.5516025582755466, -20.0, -20.0, -20.0
-1.539704040952823, 1.857276872559766, 1.4925361933423067, -12.658154843817332, 12.664514129768426, 3.947744185152673, -20.0, -20.0, 10.894219590912257
-1.5460308131347853, 1.863595871567068, 1.4944216517420137, -12.648933884031381, 12.61148189943939, 3.594089413675281, -20.0, -20.0, -20.0
-1.5523531417887864, 1.869888499394079, 1.496130309791744, -12.64038073197263, 12.559029408604927, 3.2405427852463573, -20.0, -20.0, -20.0
-1.5586455794913585, 1.8760916675356423, 1.4979033339992995, -12.52937007831574, 12.253643157648323, 3.8515540449754613, -20.0, -20.0, 20.0
-1.5649090262306657, 1.8822062651117515, 1.4997404632197346, -12.524416878913208, 12.204747146788703, 3.4969628367647565, -20.0, -20.0, -20.0
-1.571170140437289, 1.8882965294208216, 1.5014003355344538, -12.520039947580234, 12.156310089491317, 3.1425264221122946, -20.0, -20.0, -20.0
-1.5774190808832782, 1.8943376332872375, 1.502979335833333, -12.47572183637592, 12.008105376172425, 3.173474773404286, -20.0, -20.0, -3.94136307847441
-1.5836563460464386, 1.900330032234264, 1.5044774171071764, -12.473338816265459, 11.961490411933305, 2.818850321969689, -20.0, -20.0, -20.0
-1.5898676925055488, 1.9062374255926346, 1.5060373611522955, -12.372047020175293, 11.668083021549053, 3.4209258585068145, -20.0, -20.0, 20.0
-1.5960539073048512, 1.9120605653752447, 1.5076589672522511, -12.372812177033765, 11.624476108891171, 3.0654985413156215, -20.0, -20.0, -20.0
-1.6022406190514062, 1.9178619812268896, 1.5091029082899263, -12.374034809186622, 11.581187297688498, 2.710265609384983, -20.0, -20.0, -20.0
-1.6084078778206858, 1.9235912928740482, 1.5105667667239486, -12.29500026793138, 11.336059290946029, 3.145168126703908, -20.0, -20.0, 13.187644667735526
-1.614556322205128, 1.9292490874364034, 1.5120504204866738, -12.298777269837487, 11.295118958474898, 2.7894469241964117, -20.0, -20.0, -20.0
-1.6207067544769163, 1.934886474583338, 1.513356265995769, -12.302951817315824, 11.254429629263312, 2.433935112183435, -20.0, -20.0, -20.0
-1.6268355839375586, 1.9404435093042178, 1.5147213812970588, -12.212366025253472, 10.973709254255342, 3.0265260929757773, -20.0, -20.0, 20.0
-1.6329434810279249, 1.945920805086052, 1.5161456267771967, -12.21922233621179, 10.935473873081277, 2.6704558275760064, -20.0, -20.0, -20.0
-1.639054891065659, 1.951379028241781, 1.5173918950578125, -12.226417814724686, 10.897418749835422, 2.3146172948869324, -20.0, -20.0, -20.0
-1.6451480437130426, 1.956762386972284, 1.5186828024268275, -12.146192774809771, 10.636016172176241, 2.849012181173599, -20.0, -20.0, 17.716426656370345
-1.6512235312554824, 1.9620714070491116, 1.520018249137913, -12.155757394949784, 10.600064135134184, 2.492774663168715, -20.0, -20.0, -20.0
-1.6573038733661014, 1.967362482066317, 1.5211756383518116, -12.165611047525989, 10.564235933686811, 2.1367821924251147, -20.0, -20.0, -20.0
-1.6633668964736945, 1.9725783022755228, 1.5223855884537474, -12.086481382846744, 10.299044903136815, 2.703018215318075, -20.0, -20.0, 19.229757502741904
-1.6694131637760603, 1.977719358629197, 1.5236480131183976, -12.098587826616356, 10.265180511560436, 2.346680443282918, -20.0, -20.0, -20.0
-1.6754655451483778, 1.9828435009836847, 1.5247323330857918, -12.110937662653132, 10.23138890638988, 1.9905994262938052, -20.0, -20.0, -20.0
-1.6815038800739246, 1.987898117451378, 1.5258520524267185, -12.042402039533792, 9.987076964383013, 2.4882779374128883, -20.0, -20.0, 16.456058123181663
-1.6875286605311597, 1.9928836229247084, 1.5270071171664428, -12.0567197894064, 9.954944928938856, 2.131981021483841, -20.0, -20.0, -20.0
-1.6935606509382635, 1.9978530708508837, 1.527984098470646, -12.071241839009168, 9.922846775762606, 1.7759441953292674, -20.0, -20.0, -20.0
-1.6995781927065114, 2.002749405997374, 1.52901639491103, -11.998925233982844, 9.662493810198912, 2.353241566206406, -20.0, -20.0, 20.0
-1.7055817753951483, 2.0075730386823816, 1.5301039508556877, -12.015405520564828, 9.632036929831584, 1.9969822124243994, -20.0, -20.0, -20.0
-1.7115936400338467, 2.012381441644029, 1.5310134436293394, -12.03205303422872, 9.601574916758157, 1.6409888821826466, -20.0, -20.0, -20.0
-1.7175925928729714, 2.0171182012242914, 1.5319774702275246, -11.963758322270218, 9.345463404292701, 2.215117510558028, -20.0, -20.0, 20.0
-1.7235790863875642, 2.02178368808521, 1.5329959901838002, -11.982215736100809, 9.316484039380702, 1.8589623145439655, -20.0, -20.0, -20.0
-1.7295748420980785, 2.026434675622924, 1.5338364997747274, -12.000807105956552, 9.287466111476268, 1.503076049164813, -20.0, -20.0, -20.0
-1.7355591232150174, 2.031015362872227, 1.5347308364535468, -11.936317361798748, 9.035282885735521, 2.0742706661130788, -20.0, -20.0, 20.0
-1.7415323480053095, 2.0355260849115613, 1.5356789725129465, -11.956581799369696, 9.00760527160207, 1.718273571485422, -20.0, -20.0, -20.0
-1.7475157310163658, 2.040022951358548, 1.5364491773148314, -11.97695024485499, 8.979860516345315, 1.3625456360545665, -20.0, -20.0, -20.0
-1.7534889841143666, 2.044450745468876, 1.5372725704125711, -11.916062147148311, 8.731315924966049, 1.9310267549041216, -20.0, -20.0, 20.0
-1.7594524939272949, 2.0488097703466943, 1.5381491346950298, -11.937977104564943, 8.70478358630821, 1.575230374930352, -20.0, -20.0, -20.0
-1.765426980462483, 2.0531555061818567, 1.5388478675397377, -11.959969036187157, 8.678159754340571, 1.2197010039013823, -20.0, -20.0, -20.0
-1.7713925955137058, 2.057433292390347, 1.5395992118005546, -11.902491168704639, 8.432985079621298, 1.7856760393666624, -20.0, -20.0, 20.0
-1.7773496963726927, 2.061643403309752, 1.5404031590130036, -11.925912267243051, 8.407458597997884, 1.4301128104291667, -20.0, -20.0, -20.0
-1.783314840055945, 2.0658305289011225, 1.5410725848011777, -11.934662465766735, 8.341043767484608, 1.2475903422667776, -20.0, -20.0, -12.484052048796912
-1.7892696418712228, 2.0699433048625764, 1.5418257611981792, -11.884544795344656, 8.110060078331252, 1.7651152457393642, -20.0, -20.0, 17.99560949011419
-1.7952181540075665, 2.0739922117492897, 1.5426194786550442, -11.909503750029764, 8.085567468522386, 1.4097545817212809, -20.0, -20.0, -20.0
-1.8011791526664422, 2.0780288379580067, 1.5432355819363028, -11.934490885473426, 8.060937366346092, 1.054658543313016, -20.0, -20.0, -20.0
-1.8071336408286574, 2.0819995577178623, 1.5439032680299984, -11.883461763387377, 7.821941673076014, 1.6160858314698383, -20.0, -20.0, 20.0
-1.8130819211787832, 2.085904591511085, 1.5446225450347073, -11.90965963711569, 7.798193499815604, 1.261022187365655, -20.0, -20.0, -20.0
-1.8190417295154624, 2.089793242563579, 1.5451835614194254, -11.929573709601309, 7.756410710158287, 0.9830433515061523, -20.0, -20.0, -16.64040163142775
-1.8249945040185154, 2.0936123899848544, 1.5458149339066871, -11.881524302610826, 7.52017897494445, 1.5424465975405997, -20.0, -20.0, 20.0
-1.830942119559737, 2.0973667251293198, 1.5464974601049155, -11.908937862276012, 7.497161602916389, 1.1876581953726206, -20.0, -20.0, -20.0
-1.8369029088109663, 2.101107982028737, 1.547009260535958, -11.934219142640538, 7.467865994752679, 0.8595435287969322, -20.0, -20.0, -18.841838864694694
-1.842876873644392, 2.104836087608213, 1.5473504528099866, -11.961640191061658, 7.444556323150513, 0.5052255673173293, -20.0, -20.0, -20.0
-1.8488645455441022, 2.1085525032163632, 1.547514538295495, -11.989047407779681, 7.42110610945095, 0.15111637471543632, -20.0, -20.0, -20.0
-1.8548659173090032, 2.1122571622477064, 1.5475016157595352, -12.01643965182412, 7.397530015922262, -0.20280651855467402, -20.0, -20.0, -20.0
-1.860880981162406, 2.1159500054240525, 1.5473117727186587, -12.043815761787373, 7.373842689461301, -0.5565656449508465, -20.0, -20.0, -20.0
-1.866909728741088, 2.1196309807865896, 1.54694508540545, -12.07117455294043, 7.350058760687232, -0.9101836078841221, -20.0, -20.0, -20.0
-1.8729521510829155, 2.123300043687535, 1.5464016187310279, -12.098514814369436, 7.326192843093171, -1.2636830898047806, -20.0, -20.0, -20.0
-1.8790082386130407, 2.126957156781371, 1.5456814262434948, -12.12583530613181, 7.302259532250512, -1.617086860327473, -20.0, -20.0, -20.0
-1.8850779811286813, 2.1306022900156987, 1.5447845500823156, -12.15313475643072, 7.27827340506082, -1.9704177843896393, -20.0, -20.0, -20.0
-1.8911613677824906, 2.134235420621726, 1.543711020928609, -12.180411858806659, 7.2542490190501985, -2.323698830437219, -20.0, -20.0, -20.0
-1.8972583870645285, 2.137856533104414, 1.5424608579513417, -12.207665269344925, 7.230200911701086, -2.6769530786314535, -20.0, -20.0, -20.0
-1.9033690267828391, 2.1414656192322936, 1.5410340687494162, -12.234893603897772, 7.206143599816434, -3.030203729070326, -20.0, -20.0, -20.0
-1.9094932740426436, 2.1450626780269757, 1.5394306492896441, -12.262095435319953, 7.182091578911206, -3.383474110017897, -20.0, -20.0, -20.0
-1.9156311152241527, 2.14864771575236, 1.537650583840606, -12.289269290716362, 7.158059322626135, -3.736787686134466, -20.0, -20.0, -20.0
-1.9217825359590068, 2.152220745903556, 1.5356938449023974, -12.316413648700408, 7.134061282158602, -4.090168066700134, -20.0, -20.0, -20.0
-1.9279475211053474, 2.155781789195522, 1.5335603931322663, -12.343526936661675, 7.110111885705449, -4.443639013823927, -20.0, -20.0, -20.0
-1.934126054721523, 2.1593308735514265, 1.5312501772661529, -12.370607528041349, 7.0862255379124655, -4.797224450630225, -20.0, -20.0, -20.0
-1.940318120038437, 2.162868034090736, 1.5287631340361418, -12.397653739613785, 7.062416619325158, -5.150948469413719, -20.0, -20.0, -20.0
-1.9465236994305335, 2.1663933131170263, 1.52609918808385, -12.424663828772477, 7.038699485835318, -5.504835339753651, -20.0, -20.0, -20.0
-1.9527427743854313, 2.1699067601055146, 1.523258251869767, -12.451635990818561, 7.015088468117745, -5.858909516577466, -20.0, -20.0, -20.0
-1.9589753254721984, 2.173408431690307, 1.5202402255785818, -12.478568356249847, 6.991597871051312, -6.2131956481634445, -20.0, -20.0, -20.0
-1.965221332308273, 2.176898391651349, 1.517044997020523, -12.505458988048227, 6.968241973118392, -6.5677185840711925, -20.0, -20.0, -20.0
-1.971480773525026, 2.180376710901073, 1.5136724415287584, -12.532305878963129, 6.945035025776441, -6.922503382988172, -20.0, -20.0, -20.0
-1.9777536267319638, 2.183843467470716, 1.5101224218528915, -12.559106948788513, 6.921991252795298, -7.277575320479684, -20.0, -20.0, -20.0
-1.9840398684795686, 2.187298746496303, 1.5063947880486144, -12.585860041630731, 6.899124849553515, -7.632959896628924, -20.0, -20.0, -20.0
-1.9903394742207674, 2.190742640204263, 1.502489377363569, -12.612562923164354, 6.876449982286747, -7.988682843552817, -20.0, -20.0, -20.0
-1.9966524182710268, 2.194175247896655, 1.4984060141194862, -12.639213277872862, 6.853980787280899, -8.344770132778455, -20.0, -20.0, -20.0
-2.0029786737670627, 2.197596675935976, 1.4941445095906756, -12.66580870627087, 6.831731370002426, -8.701247982463913, -20.0, -20.0, -20.0
-2.0093182126241564, 2.201007037729516, 1.489704661878948, -12.692346722104325, 6.80971580415777, -9.05814286444619, -20.0, -20.0, -20.0
-2.015671005492064, 2.204406453713224, 1.485086255785062, -12.718824749524893, 6.787948130673568, -9.415481511097862, -20.0, -20.0, -20.0
-2.0220370217095036, 2.2077950513350397, 1.4802890626767942, -12.74524012023443, 6.766442356588773, -9.773290921972839, -20.0, -20.0, -20.0
-2.028416229257211, 2.2111729650376493, 1.4753128403537459, -12.771590070595256, 6.745212453849423, -10.131598370220281, -20.0, -20.0, -20.0
-2.0348085947095353, 2.214540336240611, 1.4701573329090047, -12.797871738701607, 6.724272357996251, -10.490431408744426, -20.0, -20.0, -20.0
-2.0412140831845624, 2.2178973133217936, 1.464822270587797, -12.824082161407402, 6.703635966734797, -10.849817876086506, -20.0, -20.0, -20.0
-2.0476326582927404, 2.2212440515980716, 1.4593073696432743, -12.850218271305126, 6.683317138377124, -11.209785902003468, -20.0, -20.0, -20.0
-2.054064282083979, 2.2245807133052016, 1.4536123321895944, -12.876276893650402, 6.663329690143579, -11.570363912716452, -20.0, -20.0, -20.0
-2.0605089149931985, 2.2279074675768156, 1.447736846052465, -12.902254743226438, 6.643687396312423, -11.9315806358003, -20.0, -20.0, -20.0
-2.0669665157842907, 2.231224490422445, 1.4416805846173442, -12.928148421142293, 6.624403986204398, -12.293465104683367, -20.0, -20.0, -20.0
-2.073437041492466, 2.2345319647044932, 1.435443206675492, -12.953954411558549, 6.605493141988578, -12.656046662725023, -20.0, -20.0, -20.0
-2.0799204473649393, 2.237830080114064, 1.4290243562681018, -12.979669078333684, 6.586968496295019, -13.01935496683598, -20.0, -20.0, -20.0
-2.0864166867999185, 2.2411190331455426, 1.4224236625287416, -13.005288661584093, 6.56884362961888, -13.383419990604414, -20.0, -20.0, -20.0
-2.092925711283852, 2.2443990270698224, 1.4156407395243684, -13.030809274150398, 6.551132067499762, -13.748272026888362, -20.0, -20.0, -20.0
-2.09944747032688, 2.247670271906062, 1.4086751860951883, -13.056226897962368, 6.533847277459054, -14.113941689832378, -20.0, -20.0, -20.0
-2.1059819113964444, 2.250932984391846, 1.4015265856936643, -13.081537380294419, 6.517002665677028, -14.4804599162637, -20.0, -20.0, -20.0
-2.1125289798489937, 2.254187387951613, 1.3941945062229932, -13.106736429903375, 6.500611573390376, -14.847857966420289, -20.0, -20.0, -20.0
-2.1190886188597293, 2.257433712663208, 1.386678499875398, -13.131819613039834, 6.484687272989677, -15.216167423960124, -20.0, -20.0, -20.0
-2.1256607693503202, 2.260672195222404, 1.3789781029706085, -13.156782349324182, 6.469242963795119, -15.585420195197846, -20.0, -20.0, -20.0
-2.132245369914521, 2.2639030789052246, 1.3710928357949312, -13.18161990747799, 6.454291767487491, -15.955648507511501, -20.0, -20.0, -20.0
-2.1388423567416157, 2.267126613527889, 1.3630222024413388, -13.20632740090124, 6.439846723170127, -16.326884906858528, -20.0, -20.0, -20.0
-2.1454516635376124, 2.2703430554041906, 1.3547656906510401, -13.23089978308556, 6.425920782036047, -16.699162254336336, -20.0, -20.0, -20.0
-2.152073221444097, 2.2735526673001027, 1.3463227716570263, -13.255331842853364, 6.412526801613092, -17.072513721718856, -20.0, -20.0, -20.0
-2.1587069589546632, 2.2767557183853957, 1.3376929000301225, -13.27961819941257, 6.399677539558249, -17.446972785896232, -20.0, -20.0, -20.0
-2.1653528018288206, 2.279952484182028, 1.3288755135281134, -13.30375329721635, 6.38738564697077, -17.822573222140402, -20.0, -20.0, -20.0
-2.172010673003279, 2.2831432465090686, 1.3198700329485495, -13.327731400617171, 6.375663661191973, -18.19934909611473, -20.0, -20.0, -20.0
-2.1786804925005097, 2.286328293423881, 1.3106758619858856, -13.351546588304235, 6.364523998057846, -18.57733475454095, -20.0, -20.0, -20.0
-2.185362177334464, 2.2895079191592878, 1.3012923870936424, -13.375192747513267, 6.353978943568773, -18.95656481443165, -20.0, -20.0, -20.0
-2.192055641413342, 2.2926824240564145, 1.2917189773523365, -13.398663567997618, 6.344040644938728, -19.337074150791235, -20.0, -20.0, -20.0
-2.1987607954392785, 2.295852114492895, 1.281954984343968, -13.421952535749464, 6.33472110098442, -19.718897882682757, -20.0, -20.0, -20.0
-2.205477546804831, 2.2990173028060945, 1.271999742033909, -13.445052926460066, 6.326032151812766, -20.102071357552358, -20.0, -20.0, -20.0
-2.212205799486123, 2.3021783072109883, 1.2618525666610967, -13.467957798708028, 6.317985467763048, -20.486630133697048, -20.0, -20.0, -20.0
-2.218945453932516, 2.3053354517123186, 1.2515127566374835, -13.490659986864664, 6.310592537557993, -20.872609960755543, -20.0, -20.0, -20.0
-2.225696406952659, 2.308489066010612, 1.2409795924577707, -13.51315209370586, 6.303864655615839, -21.260046758095452, -20.0, -20.0, -20.0
-2.2324585515967654, 2.311639485401634, 1.2302523366205058, -13.535426482720078, 6.297812908473306, -21.648976590963787, -20.0, -20.0, -20.0
-2.2392317770349712, 2.3147870506688193, 1.2193302335616996, -13.55747527010257, 6.292448160267206, -22.039435644261072, -20.0, -20.0, -20.0
-2.2460159684316037, 2.317932107968191, 1.208212509602186, -13.579290316426416, 6.287781037220222, -22.431460193792727, -20.0, -20.0, -20.0
-2.2528110068152056, 2.321075008705265, 1.1968983729100267, -13.600863217981608, 6.283821911074265, -22.825086574844576, -20.0, -20.0, -20.0
-2.2596167689441446, 2.3242161094033866, 1.185387013479335, -13.622185297774177, 6.280580881412682, -23.22035114792264, -20.0, -20.0, -20.0
-2.2664331271676326, 2.3273557715629423, 1.1736776031269816, -13.643247596178272, 6.278067756810574, -23.617290261490574, -20.0, -20.0, -20.0
-2.273259949281986, 2.3304943615108327, 1.161769295508726, -13.664040861235195, 6.276292034750511, -24.015940211531554, -20.0, -20.0, -20.0
-2.280097098381943, 2.33363225023958, 1.1496612261564043, -13.684555538594598, 6.275262880239154, -24.4163371977549, -20.0, -20.0, -20.0
-2.2869444327068655, 2.3367698132354042, 1.1373525125379003, -13.704781761094534, 6.274989103058641, -24.81851727626159, -20.0, -20.0, -20.0
-2.293801805481634, 2.339907430294565, 1.1248422541417156, -13.724709337978686, 6.275479133585163, -25.22251630847705, -20.0, -20.0, -20.0
-2.3006690647520665, 2.343045485327238, 1.1121295325880578, -13.744327743750986, 6.276740997106017, -25.628369906154155, -20.0, -20.0, -20.0
-2.3075460532146717, 2.346184366148156, 1.099213411768458, -13.763626106669957, 6.278782286565553, -26.03611337224483, -20.0, -20.0, -20.0
-2.314432608040561, 2.3493244642532147, 1.086092938016038, -13.78259319688752, 6.281610133669993, -26.445781637434646, -20.0, -20.0, -20.0
-2.3213285606933427, 2.3524661745812026, 1.0727671403086463, -13.801217414239726, 6.285231178281058, -26.85740919213183, -20.0, -20.0, -20.0
-2.3282337367408275, 2.35560989525978, 1.0592350305071883, -13.819486775699836, 6.289651536028877, -27.271030013700326, -20.0, -20.0, -20.0
-2.3351479556603794, 2.358756027334806, 1.0454956036315817, -13.837388902507564, 6.294876764075761, -27.686677488726104, -20.0, -20.0, -20.0
-2.3420710306377543, 2.361904974482066, 1.0315478381768735, -13.854911006992001, 6.300911824964253, -28.104384330107013, -20.0, -20.0, -20.0
-2.34900276835928, 2.3650571427004285, 1.0173906964721569, -13.87203987910981, 6.307761048485516, -28.524182488759664, -20.0, -20.0, -20.0
-2.3559429687972386, 2.368212939985427, 1.0030231250850314, -13.888761872724837, 6.315428091507679, -28.946103059741937, -20.0, -20.0, -20.0
-2.362891424988335, 2.371372775982231, 0.9884440552744466, -13.905062891660162, 6.323915895708359, -29.37017618259763, -20.0, -20.0, -20.0
-2.36984792280514, 2.3745370616169486, 0.973652403494862, -13.920928375559042, 6.333226643161407, -29.796430935740364, -20.0, -20.0, -20.0
-2.376812240720429, 2.3777062087051726, 0.95864707195475, -13.936343285597047, 6.343361709734975, -30.2248952247079, -20.0, -20.0, -20.0
-2.383784149564352, 2.380880629536673, 0.9434269492325391, -13.951292090094013, 6.3543216162666685, -30.655595664135664, -20.0, -20.0, -20.0
-2.3907634122743957, 2.3840607364351123, 0.9279909109531751, -13.965758750081271, 6.366105977491706, -31.088557453320295, -20.0, -20.0, -20.0
-2.3977497836381376, 2.387246941291663, 0.9123378205285274, -13.979726704886987, 6.378713448712076, -31.52380424527052, -20.0, -20.0, -20.0
-2.404743010028812, 2.3904396550713933, 0.8964665299649162, -13.993178857810216, 6.392141670208692, -31.961358009174518, -20.0, -20.0, -20.0
-2.4117428291337553, 2.393639287291299, 0.8803758807410599, -14.006097561962655, 6.406387209414726, -32.40123888625054, -20.0, -20.0, -20.0
-2.4187489696758373, 2.3968462454688746, 0.8640647047597494, -14.018464606365852, 6.421445500886804, -32.84346503899139, -20.0, -20.0, -20.0
-2.425761151128029, 2.400060934540129, 0.8475318253765355, -14.030261202400887, 6.437310784131825, -33.28805249386429, -20.0, -20.0, -20.0
-2.432779083421308, 2.403283756246005, 0.8307760585086729, -14.04146797071716, 6.453976039370901, -33.73501497758597, -20.0, -20.0, -20.0
-2.439802466646167, 2.4065151084861847, 0.8137962138274866, -14.052064928716945, 6.471432921348554, -34.184363747159196, -20.0, -20.0, -20.0
-2.446830990748032, 2.409755384639353, 0.7965910960372137, -14.06203147874256, 6.489671691324942, -34.63610741393229, -20.0, -20.0, -20.0
-2.4538643352169935, 2.4130049728490395, 0.7791595062432238, -14.0713463971035, 6.508681147421709, -35.090251762027144, -20.0, -20.0, -20.0
-2.460902168772292, 2.416264255274277, 0.7615002434123231, -14.079987824091258, 6.528448553528092, -35.546799561575696, -20.0, -20.0, -20.0
-2.4679441490420997, 2.419533607304412, 0.7436121059276021, -14.08793325513997, 6.548959567013306, -36.00575037730839, -20.0, -20.0, -20.0
-2.4749899222392098, 2.4228133967375487, 0.7254938932399867, -14.095159533301086, 6.5701981655339186, -36.467100373152995, -20.0, -20.0, -20.0
-2.4820391228333376, 2.4261039829222497, 0.7071444076182917, -14.101642843209897, 6.592146573270918, -36.93084211362699, -20.0, -20.0, -20.0
-2.489091373220823, 2.4294057158623126, 0.6885624559991494, -14.107358706730547, 6.614785186980292, -37.39696436294212, -20.0, -20.0, -20.0
-2.496146283392624, 2.432718935284631, 0.6697468519376925, -14.11228198047414, 6.638092502293046, -37.86545188288582, -20.0, -20.0, -20.0
-2.5032034506015903, 2.436043969670393, 0.6506964176592961, -14.116386855391024, 6.662045040755297, -38.33628523069961, -20.0, -20.0, -20.0
-2.510262459030099, 2.439381135250121, 0.6314099862120363, -14.119646858643282, 6.686617278156031, -38.809440558339716, -20.0, -20.0, -20.0
-2.5173228794592513, 2.442730734963347, 0.6118864037187819, -14.122034857966296, 6.7117815747486915, -39.2848894146778, -20.0, -20.0, -20.0
-2.524384268940925, 2.4460930573840423, 0.5921245317270176, -14.123523068728606, 6.737508108032348, -39.76259855237927, -20.0, -20.0, -20.0
-2.5314461704740814, 2.4494683756132547, 0.5721232496535776, -14.124083063896746, 6.763764808817805, -40.24252974138085, -20.0, -20.0, -20.0
-2.538508112686832, 2.4528569461407996, 0.5518814573204636, -14.123685787105751, 6.79051730136276, -40.724639591075466, -20.0, -20.0, -20.0
-2.545569609525865, 2.4562590076782445, 0.53139807757682, -14.122301569026101, 6.817728848416623, -41.208879383498896, -20.0, -20.0, -20.0
-2.5526301599549224, 2.459674779965866, 0.5106720590009467, -14.119900147203541, 6.845360302068639, -41.69519491999434, -20.0, -20.0, -20.0
-2.5596892476641053, 2.463104462556718, 0.48970237867494665, -14.116450689528865, 6.873370061340791, -42.18352638400584, -20.0, -20.0, -20.0
-2.566746340791855, 2.4665482335814306, 0.4684880450232419, -14.111921821469933, 6.901714037507893, -42.67380822281326, -20.0, -20.0, -20.0
-2.5738008916615143, 2.4700062484978473, 0.44702810070474697, -14.106281657167415, 6.930345628159369, -43.16596905116644, -20.0, -20.0, -20.0
-2.580852336534421, 2.4734786388301466, 0.4253216255469809, -14.099497834458539, 6.95921570103835, -43.659931579897886, -20.0, -20.0, -20.0
-2.5879000953814977, 2.4769655109025814, 0.4033677395088348, -14.091537553849184, 6.988272588701755, -44.155612572686394, -20.0, -20.0, -20.0
-2.594943571675311, 2.480466944573516, 0.3811656056571127, -14.082367621403593, 7.017462095037615, -44.65292283420208, -20.0, -20.0, -20.0
-2.6019821522045277, 2.4839829919759384, 0.35871443314034235, -14.071954495462817, 7.046727514650874, -45.15176723287942, -20.0, -20.0, -20.0
-2.6090152069126527, 2.487513676271122, 0.3360134801417392, -14.06026433703751, 7.076009666083914, -45.65204476153318, -20.0, -20.0, -20.0
-2.616042088762824, 2.491058990422586, 0.3130620567916195, -14.04726306364826, 7.1052469397711695, -46.153648638945576, -20.0, -20.0, -20.0
-2.623062133630313, 2.4946188959979128, 0.2898595280180316, -14.032916406307443, 7.134375361536378, -46.656466455406054, -20.0, -20.0, -20.0
-2.630074660224203, 2.498193322006378, 0.266405316312937, -14.017189969251378, 7.163328672324945, -47.160380364972326, -20.0, -20.0, -20.0
-2.637078970039501, 2.5017821637806397, 0.24269890438995945, -14.00004929194093, 7.192038424721297, -47.6652673269379, -20.0, -20.0, -20.0
-2.6440743473406747, 2.505385281910978, 0.21873983770856617, -13.981459912754076, 7.220434096631589, -48.170999398635225, -20.0, -20.0, -20.0
-2.6510600591772873, 2.509002501240715, 0.19452772683858932, -13.961387433696263, 7.248443222315731, -48.67744408127212, -20.0, -20.0, -20.0
-2.6580353554320504, 2.5126336099314766, 0.17006224963827288, -13.93979758535553, 7.275991540730424, -49.18446471999368, -20.0, -20.0, -20.0
-2.664999468901197, 2.5162783586068835, 0.14534315321857832, -13.91665629123097, 7.303003160898335, -49.691920958784586, -20.0, -20.0, -20.0
-2.6719516154066216, 2.519936459583046, 0.12037025566633638, -13.891929730467254, 7.329400743750573, -50.199669250183156, -20.0, -20.0, -20.0
-2.6788909939387224, 2.5236075861938843, 0.09514344749902168, -13.86558439793679, 7.355105699603702, -50.70756341907569, -20.0, -20.0, -20.0
-2.6858167868283385, 2.5272913722188184, 0.0696626928244804, -13.837587160526827, 7.3800384001333645, -51.21545527908942, -20.0, -20.0, -20.0
-2.6927281599455735, 2.5309874114197015, 0.04392803017987891, -13.807905308413833, 7.40411840339966, -51.72319529931653, -20.0, -20.0, -20.0
-2.699624262922688, 2.534695257193094, 0.017939573025475396, -13.776506600043803, 7.427264690171115, -52.23063331829752, -20.0, -20.0, -20.0
-2.706504229397571, 2.53841442234301, -0.008302490129445693, -13.743359299486988, 7.4493959094914395, -52.737619301386836, -20.0, -20.0, -20.0
-2.7133671772736427, 2.542144378978169, -0.034797895989002015, -13.708432204800541, 7.470430631143878, -53.24400413683845, -20.0, -20.0, -20.0
-2.7202122089913465, 2.545884558536555, -0.0615463071395128, -13.67169466601408, 7.4902876023997145, -53.7496404652047, -20.0, -20.0, -20.0
-2.727038411805688, 2.549634351938704, -0.08854731313980434, -13.633116591352248, 7.508886006198207, -54.25438353596145, -20.0, -20.0, -20.0
-2.733844858063607, 2.5533931098696794, -0.1158004320449643, -13.592668440325092, 7.526145717702494, -54.75809208467844, -20.0, -20.0, -20.0
-2.7406306054742764, 2.557160143188109, -0.14330511237202578, -13.550321202351293, 7.5419875560168075, -55.26062922356745, -20.0, -20.0, -20.0
-2.7473946973647716, 2.5609347234590483, -0.17106073551238835, -13.506046359629913, 7.556333527740527, -55.76186333788276, -20.0, -20.0, -20.0
-2.7541361629129395, 2.5647160836057283, -0.19906661859196778, -13.459815833041349, 7.569107058979112, -56.26166898043497, -20.0, -20.0, -20.0
-2.7608540173486835, 2.5685034186735813, -0.22732201777618288, -13.411601909935332, 7.580233212433661, -56.759927756425434, -20.0, -20.0, -20.0
-2.7675472621143546, 2.5722958866982526, -0.2558261320130201, -13.361377152749382, 7.5896388862514526, -57.25652919092349, -20.0, -20.0, -20.0
-2.774214884974415, 2.576092609667675, -0.28457810720365045, -13.309114287491386, 7.597252991438513, -57.75137157159793, -20.0, -20.0, -20.0
-2.78085586006409, 2.579892674566737, -0.31357704078649434, -13.254786071210024, 7.603006604809547, -58.24436275977766, -20.0, -20.0, -20.0
-2.787469147866308, 2.5836951344916086, -0.34282198671732617, -13.198365137661574, 7.6068330946759035, -58.735420963549565, -20.0, -20.0, -20.0
-2.7940536951058372, 2.5874990098194632, -0.3723119608250621, -13.139823820455549, 7.608668216741911, -59.2244754673942, -20.0, -20.0, -20.0
-2.800608434549206, 2.5913032894181454, -0.40204594652035996, -13.079133953018765, 7.608450177985775, -59.711467313797094, -20.0, -20.0, -20.0
-2.8071322846986484, 2.5951069318793003, -0.4320229008321436, -13.016266644751884, 7.606119666633342, -60.196349933337444, -20.0, -20.0, -20.0
-2.813624149368026, 2.5989088667576286, -0.4622417607457089, -12.951192032758117, 7.601619846680521, -60.67908972092372, -20.0, -20.0, -20.0
-2.8200829171283393, 2.6027079957982413, -0.49270144981521335, -12.883879008494723, 7.594896315771124, -61.15966655709422, -20.0, -20.0, -20.0
-2.82650746061012, 2.606503194133579, -0.523400885023138, -12.814294918628342, 7.585897025579236, -61.63807427460416, -20.0, -20.0, -20.0
-2.832896635649592, 2.6102933114310156, -0.5543389838597526, -12.742405239259487, 7.574572164166593, -62.11432107185404, -20.0, -20.0, -20.0
-2.8392492802650353, 2.6140771729720758, -0.5855146715967294, -12.668173222514218, 7.560874000074054, -62.58842987605367, -20.0, -20.0, -20.0
-2.845564213449233, 2.617853580644132, -0.6169268887308278, -12.591559514276755, 7.544756688150646, -63.060438660339685, -20.0, -20.0, -20.0
-2.85184023376319, 2.6216213138254982, -0.6485745985760013, -12.512521741550334, 7.5261760373137125, -63.5304007203545, -20.0, -20.0, -20.0
-2.858076117715472, 2.6253791301449665, -0.680456794985349, -12.43101406757934, 7.505089240559798, -63.998384917036034, -20.0, -20.0, -20.0
-2.8642706179104764, 2.6291257660970064, -0.7125725101879962, -12.34698671243782, 7.48145456760019, -64.46447589355289, -20.0, -20.0, -20.0
-2.870422460947656, 2.632859937494024, -0.7449208227302452, -12.260385436281307, 7.455231020470167, -64.92877427544325, -20.0, -20.0, -20.0
-2.876530345052192, 2.6365803397372294, -0.7775008655151265, -12.171150981862898, 7.426377952351109, -65.39139686408208, -20.0, -20.0, -20.0
-2.882592937415713, 2.6402856478877283, -0.8103118339398012, -12.07921847222161, 7.394854649644306, -65.85247683461647, -20.0, -20.0, -20.0
-2.888608871223431, 2.6439745165193993, -0.8433529941360776, -11.984516758650441, 7.360619877039736, -66.31216395048911, -20.0, -20.0, -20.0
-2.8945767423413757, 2.647645579334891, -0.8766236913256086, -11.886967713129893, 7.323631384927515, -66.77062480763513, -20.0, -20.0, -20.0
-2.9004951056342465, 2.6512974485256224, -0.9101233583081207, -11.786485458353708, 7.283845377999008, -67.22804312241362, -20.0, -20.0, -20.0
-2.9063624708806493, 2.6549287138559405, -0.9438515241083133, -11.682975527257295, 7.24121594327255, -67.68462007835642, -20.0, -20.0, -20.0
-2.912177298248104, 2.6585379414505206, -0.9778078228148824, -11.576333942561266, 7.195694435047816, -68.14057474792016, -20.0, -20.0, -20.0
-2.917937993285052, 2.662123672262641, -1.0119920026535274, -11.466446205232998, 7.147228813433179, -68.59614460665999, -20.0, -20.0, -20.0
-2.9236429013810885, 2.6656844201990215, -1.046403935344856, -11.353186178911816, 7.095762932089149, -69.05158615865402, -20.0, -20.0, -20.0
-2.929290301639615, 2.6692186698744615, -1.0810436258079337, -11.23641485519468, 7.041235769671706, -69.50717569365702, -20.0, -20.0, -20.0
-2.93487840009896, 2.6727248739664096, -1.1159112222809517, -11.115978982186203, 6.9835805981208585, -69.96321019841494, -20.0, -20.0, -20.0
-2.9404053222284605, 2.6762014501357885, -1.1510070269422814, -10.991709535816229, 6.922724079395424, -70.4200084469035, -20.0, -20.0, -20.0
-2.9458691046149257, 2.6796467774757553, -1.1863315071282696, -10.863420010044274, 6.858585280471496, -70.87791229704933, -20.0, -20.0, -20.0
-2.951267685741965, 2.6830591924444627, -1.2218853072587437, -10.730904498112833, 6.791074594358127, -71.33728822484701, -20.0, -20.0, -20.0
-2.956598895749587, 2.6864369842311744, -1.2576692615976572, -10.593935532374168, 6.720092552489316, -71.7985291308075, -20.0, -20.0, -20.0
-2.9618604450438735, 2.689778389497063, -1.293684407994981, -10.45226164477229, 6.645528511065733, -72.26205645848748, -20.0, -20.0, -20.0
-2.9670499116059834, 2.693081586422497, -1.3299320027772508, -10.305604603667174, 6.567259190670595, -72.7283226705916, -20.0, -20.0, -20.0
-2.9721647268256937, 2.696344687981336, -1.3664135369786399, -10.153656275173175, 6.485147044686592, -73.19781413496462, -20.0, -20.0, -20.0
-2.977202159656576, 2.699565734349407, -1.4031307541325975, -9.996075048357312, 6.399038427596575, -73.67105448086542, -20.0, -20.0, -20.0
-2.982159298856989, 2.7027426843385682, -1.4400856698766673, -9.832481753294505, 6.308761529048368, -74.14860849541401, -20.0, -20.0, -20.0
-2.9870330330425334, 2.705873405729201, -1.4772805936608209, -9.662454988882173, 6.214124033481924, -74.63108664120062, -20.0, -20.0, -20.0
-2.9918200282305674, 2.7089556643520782, -1.5147181528933442, -9.485525763253692, 6.114910458028278, -75.11915028889288, -20.0, -20.0, -20.0
-2.996516702504733, 2.711987111744879, -1.5524013199089088, -9.3011713334072, 6.010879113174534, -75.6135177733657, -20.0, -20.0, -20.0
-3.0011191973661275, 2.714965271178486, -1.5903334422018462, -9.108808112171381, 5.9017586212556, -76.11497139838359, -20.0, -20.0, -20.0
-3.00562334526665, 2.717887521813089, -1.628518276434677, -8.907783489918385, 5.787243917155718, -76.62436553293976, -20.0, -20.0, -20.0
-3.0100246327380975, 2.7207510807033244, -1.666960026808254, -8.697366395872901, 5.666991643785361, -77.14263596136783, -20.0, -20.0, -20.0
-3.0143181584371592, 2.7235529823248417, -1.7056633884655965, -8.476736400374406, 5.540614842284476, -77.67081066800166, -20.0, -20.0, -20.0
-3.0184985853214754, 2.7262900552414755, -1.7446335966958686, -8.244971136889866, 5.407676824250583, -78.21002225308682, -20.0, -20.0, -20.0
-3.0225600860567954, 2.7289588954730553, -1.7838764828055602, -8.00103180438934, 5.267684102067827, -78.76152218567951, -20.0, -20.0, -20.0
-3.026496280633626, 2.7315558360601395, -1.8233985376255695, -7.743746502932341, 5.120078246269487, -79.32669709435714, -20.0, -20.0, -20.0
-3.030300165051421, 2.734076912256805, -1.8632069837156666, -7.471791168248377, 4.9642265403928105, -79.9070872660314, -20.0, -20.0, -20.0
-3.0339640298239408, 2.7365178217223347, -1.9033098573941687, -7.183667921831213, 4.799411321726004, -80.50440744797662, -20.0, -20.0, -20.0
-3.0374793669967914, 2.7388738790386444, -1.943716101730605, -6.877680769572287, 4.624817943512785, -81.12056989776923, -20.0, -20.0, -20.0
-3.040836764391514, 2.741139963872376, -1.984435671542945, -6.551908809318597, 4.439521391413347, -81.75770935159017, -20.0, -20.0, -20.0
-3.0440257859732354, 2.7433104621621562, -2.0254796511576267, -6.2041775175669045, 4.242471767706579, -82.41820910713626, -20.0, -20.0, -20.0
-3.047034837700032, 2.745379199897432, -2.066860385090885, -5.8320293896203115, 4.032479173396489, -83.10472662589729, -20.0, -20.0, -20.0
-3.0498510191415975, 2.7473393694537562, -2.108591620690894, -5.432696376642164, 3.8081990519004174, -83.82021577413761, -20.0, -20.0, -20.0
-3.0524599628480957, 2.74918344919894, -2.1506886598308457, -5.0030784493514195, 3.5681199288351273, -84.56794078566924, -20.0, -20.0, -20.0
-3.0548456663543, 2.750903118396516, -2.1931685134995575, -4.5397355754661115, 3.310556861467648, -85.351473889179, -20.0, -20.0, -20.0
-3.0569903264681657, 2.7524891716171966, -2.2360500479367507, -4.03890487999669, 3.0336560212552612, -86.17466385959393, -20.0, -20.0, -20.0
-3.0588741929994074, 2.7539314403518356, -2.2793541029246076, -3.4965612449697874, 2.735418917300646, -87.04155609183458, -20.0, -20.0, -20.0
-3.0604754704005033, 2.755218734826456, -2.3231035509482587, -2.9085483594128303, 2.4137589811809623, -87.9562360027695, -20.0, -20.0, -20.0
-3.0617703119105713, 2.7563388266605484, -2.3673232493066365, -2.270817680859869, 2.0666083551888477, -88.92255743074209, -20.0, -20.0, -20.0
-3.0627329718960072, 2.757278503143205, -2.4120398159791927, -1.579822260884817, 1.6920975754388992, -89.94370925948328, -20.0, -20.0, -20.0
-3.063336205986169, 2.7580237356073, -2.4572811368274383, -0.8331140997625519, 1.288832280940178, -91.02157413350004, -20.0, -20.0, -20.0
-3.063552028082765, 2.7585600143896083, -2.503075494565263, -0.030174286620828106, 0.8562828482935794, -92.15585681779903, -20.0, -20.0, -20.0
-3.063352932872148, 2.7588729039710937, -2.5494502153720027, 0.8265551290889933, 0.3952754776481362, -93.34302640916025, -20.0, -20.0, -20.0
-3.0627136473433048, 2.7589488523709775, -2.596429782459169, 1.7305869862847834, -0.091481878112392, -94.57524193950506, -20.0, -20.0, -20.0
-3.0616133587868926, 2.7587762359197994, -2.644033492729393, 2.6705672393648654, -0.5989839265998946, -95.83959914139044, -20.0, -20.0, -20.0
-3.060038175655444, 2.758346531221813, -2.6922729332496336, 3.6301652864290124, -1.119834865344715, -97.11816293957212, -20.0, -20.0, -20.0
-3.057983363422626, 2.757655403623253, -2.741149769684895, 4.58908364484302, -1.6446755288972983, -98.38918280147405, -20.0, -20.0, -20.0
-3.0554547790139046, 2.756703441118899, -2.7906544434697675, 5.525253990041906, -2.1631744885175257, -99.62951233801604, -20.0, -20.0, -20.0
-3.0524690312662925, 2.755496305109008, -2.8407662417807025, 6.417737000406907, -2.665369551047736, -100.81768090572429, -20.0, -20.0, -20.0
-3.0490522388864454, 2.7540442259742344, -2.891454828239223, 7.24943251898156, -3.142946988045903, -101.93666492835769, -20.0, -20.0, -20.0
-3.045237688255008, 2.752360972878285, -2.9426828733052655, 8.008770006769026, -3.590065395751588, -102.97551533581267, -20.0, -20.0, -20.0
-3.0410629823508444, 2.750462566507655, -2.9944091400444264, 8.690053609884187, -4.0035600867678065, -103.92955162083034, -20.0, -20.0, -20.0
-3.036567293188745, 2.748366019277604, -3.0465913836804224, 9.292703038512728, -4.382628833438106, -104.79942292315403, -20.0, -20.0, -20.0
-3.0317891371532006, 2.7460883020912568, -3.0991886436166904, 9.819921103664772, -4.728239911950865, -105.58961682191739, -20.0, -20.0, -20.0
-3.026764835584676, 2.743645618825847, -3.152162782275908, 10.27728517043263, -5.042493149687923, -106.30693781495272, -20.0, -20.0, -20.0
-3.021527623493097, 2.7410529764607756, -3.2054793313211207, 10.671563195883202, -5.3280763105966935, -106.95925836589691, -20.0, -20.0, -20.0
-3.0161072679362984, 2.7383239901883085, -3.2591078052354883, 11.009859031311688, -5.58786877927174, -107.5546372915738, -20.0, -20.0, -20.0
-3.0105300360199028, 2.7354708512997354, -3.3130216581152547, 11.299068634270263, -5.824686775021002, -108.10077422749279, -20.0, -20.0, -20.0
-3.004818874397109, 2.7325043946746135, -3.367198031622417, 11.54557785690417, -6.041139725466859, -108.60471980115508, -20.0, -20.0, -20.0
-2.998993698387573, 2.729434218818221, -3.4216174011131204, 11.755126181239516, -6.239563700103346, -109.07275816165895, -20.0, -20.0, -20.0
-2.99307172335315, 2.7262688270503515, -3.4762631893315112, 11.932773956453948, -6.422003371374291, -109.51039471190435, -20.0, -20.0, -20.0
-2.9870677977849085, 2.723015770751524, -3.5311213884309733, 12.082928316511197, -6.590221823934481, -109.9224016859433, -20.0, -20.0, -20.0
-2.980994716103289, 2.719681784161489, -3.586180211611608, 12.209398409966015, -6.745724536205121, -110.31289103659493, -20.0, -20.0, -20.0
-2.9748635009919275, 2.7162729057510266, -3.6414297834555542, 12.315462035479962, -6.889789105645459, -110.68539633918982, -20.0, -20.0, -20.0
-2.9686836521063147, 2.7127945845099593, -3.696861870927548, 12.40393350697078, -7.023495858624556, -111.0429535487862, -20.0, -20.0, -20.0
-2.962463361865395, 2.709251771354804, -3.7524696531930686, 12.477227456707196, -7.147756761995132, -111.38817551329555, -20.0, -20.0, -20.0
-2.956209700948569, 2.7056489968060027, -3.8082475266046485, 12.53741621059684, -7.263341433211002, -111.72331813302425, -20.0, -20.0, -20.0
-2.9499287768879596, 2.701990436486938, -3.8641909405686135, 12.586280031839618, -7.37089984304786, -112.05033772283507, -20.0, -20.0, -20.0
-2.9436258692769126, 2.6982799660910537, -3.9202962599980444, 12.625350412348768, -7.4709817404901475, -112.37093999488958, -20.0, -20.0, -20.0
-2.937305544920428, 2.6945212073938483, -3.9765606503648563, 12.65594701358873, -7.5640530483312185, -112.68662147235796, -20.0, -20.0, -20.0
-2.9309717559123203, 2.690717566738799, -4.032981981801561, 12.679209018842894, -7.650509571866692, -112.9987042744638, -20.0, -20.0, -20.0
-2.9246279232380914, 2.6868722672489795, -4.089558749171285, 12.696121678072188, -7.730688387409685, -113.30836520443174, -20.0, -20.0, -20.0
-2.918277008124717, 2.6829883758358153, -4.146290005471383, 12.707538775424199, -7.80487726524721, -113.61665999595775, -20.0, -20.0, -20.0
-2.911921573013734, 2.6790688259064552, -4.203175306338078, 12.714201668507927, -7.87332245219329, -113.92454347082275, -20.0, -20.0, -20.0
-2.9055638337316516, 2.6751164365177016, -4.260214663768701, 12.716755459822412, -7.936235102821406, -114.23288625166684, -20.0, -20.0, -20.0
-2.8992057041728176, 2.671133928589095, -4.317408507474228, 12.715762775513966, -7.9937966116035355, -114.54248857044239, -20.0, -20.0, -20.0
-2.8928488345914207, 2.667123938670312, -4.374757652521678, 12.71171555007426, -8.046163063529093, -114.85409161935762, -20.0, -20.0, -20.0
-2.8864946444165493, 2.6630890306570056, -4.432263272128682, 12.705045149411337, -8.093468989696248, -115.16838680865854, -20.0, -20.0, -20.0
-2.8801443503519795, 2.6590317057627484, -4.489926874636894, 12.696131108868597, -8.135830587332824, -115.48602322418986, -20.0, -20.0, -20.0
-2.8737989903956844, 2.654954410980741, -4.547750283822043, 12.685308716312381, -8.173348540696042, -115.80761351640678, -20.0, -20.0, -20.0
-2.867459444308583, 2.6508595462055577, -4.605735621801203, 12.672875632094128, -8.206110560036947, -116.1337384002323, -20.0, -20.0, -20.0
-2.861126450974012, 2.6467494701305805, -4.663885293876452, 12.659097706190263, -8.234193739871552, -116.46494990076535, -20.0, -20.0, -20.0
-2.854800623015745, 2.642626504989445, -4.72220197471225, 12.64421412687593, -8.257666824671237, -116.80177344242814, -20.0, -20.0, -20.0
-2.8484824589805835, 2.638492940168474, -4.78068859528487, 12.628442013770572, -8.276592459211805, -117.14470884805337, -20.0, -20.0, -20.0
-2.8421723533396355, 2.634351034680771, -4.839348330069212, 12.61198055002137, -8.291029491600185, -117.49423028931734, -20.0, -20.0, -20.0
-2.8358706045189, 2.630203018460676, -4.898184583944251, 12.595014732919127, -8.30103538877961, -117.85078521083643, -20.0, -20.0, -20.0
-2.8295774211335085, 2.6260510924093827, -4.957200978306341, 12.577718808647663, -8.30666881639386, -118.2147922375238, -20.0, -20.0, -20.0
-2.823292926570212, 2.621897427098658, -5.016401335883017, 12.560259444538138, -8.307992426505914, -118.58663806917873, -20.0, -20.0, -20.0
-2.8170171620389226, 2.6177441600202815, -5.075789663742515, 12.542798680619036, -8.30507588699872, -118.96667336881494, -20.0, -20.0, -20.0
-2.810750088196017, 2.613593391254862, -5.135370134000537, 12.525496691004836, -8.297999174679312, -119.35520766327566, -20.0, -20.0, -20.0
-2.804491585429654, 2.6094471774263654, -5.195147061740794, 12.50851437444518, -8.286856139308103, -119.75250329775406, -20.0, -20.0, -20.0
-2.798241452890546, 2.605307523809738, -5.255124879695593, 12.492015781987432, -8.271758327200665, -120.15876852144159, -20.0, -20.0, -20.0
-2.7919994063505036, 2.6011763744704126, -5.315308109283671, 12.47617037818187, -8.252839030100615, -120.57414983086943, -20.0, -20.0, -20.0
-2.785765074975762, 2.597055600338528, -5.375701327681659, 12.461155120784898, -8.230257497438421, -120.99872376108283, -20.0, -20.0, -20.0
-2.7795379971123273, 2.592946985159631, -5.436309130719897, 12.44715633295437, -8.204203218148391, -121.43248839186778, -20.0, -20.0, -20.0
-2.773317615196028, 2.588852209319355, -5.497136091548933, 12.43437133224301, -8.174900142956622, -121.87535492427602, -20.0, -20.0, -20.0
-2.767103269919629, 2.584772831613238, -5.55818671522417, 12.423009773353657, -8.142610681511396, -122.32713977666954, -20.0, -20.0, -20.0
-2.760894193811796, 2.5807102691243338, -5.619465389603711, 12.4132946579779, -8.107639274104457, -122.78755774149572, -20.0, -20.0, -20.0
-2.754689504405643, 2.576665775478449, -5.680976333244826, 12.405462966634607, -8.070335309433691, -123.25621682296494, -20.0, -20.0, -20.0
-2.748488197195037, 2.572640417865261, -5.7427235413075515, 12.39976587579051, -8.031095143319511, -123.7326154279395, -20.0, -20.0, -20.0
-2.7422891385911052, 2.5686350533358095, -5.804710730812602, 12.396468539935332, -7.990362974485328, -124.21614259225963, -20.0, -20.0, -20.0
-2.7360910590952905, 2.564650305002656, -5.866941286930035, 12.395849443323453, -7.9486303581296625, -124.7060818774751, -20.0, -20.0, -20.0
-2.729892546894607, 2.560686538865552, -5.929418212263634, 12.398199359410311, -7.906434190285335, -125.20161945692354, -20.0, -20.0, -20.0
-2.72369204205577, 2.5567438420486472, -5.992144081307984, 12.40381999593657, -7.864353077334749, -125.70185672047666, -20.0, -20.0, -20.0
-2.7174878314450197, 2.552822003251066, -6.055121002355419, 12.41302244706535, -7.8230021129894, -126.20582746926173, -20.0, -20.0, -20.0
-2.711278044429095, 2.54892049616975, -6.118350589088384, 12.42612561663355, -7.7830262122752405, -126.71251946259723, -20.0, -20.0, -20.0
-2.70506064932159, 2.5450384665450025, -6.18183394389122, 12.443454813388097, -7.745092286715305, -127.22089974874885, -20.0, -20.0, -20.0
-2.6988334504319664, 2.541174723305396, -6.24557165455285, 12.46534074510477, -7.709880671711097, -127.72994289777156, -20.0, -20.0, -20.0
-2.6925940854582096, 2.537327734057526, -6.309563805527611, 12.492119149922113, -7.678076319767062, -128.2386610012719, -20.0, -20.0, -20.0
-2.686340022846142, 2.533495624893263, -6.373810004315241, 12.524131298348617, -7.6503603372849724, -128.74613414925082, -20.0, -20.0, -20.0
-2.680068558626747, 2.529676184194256, -6.438309422868942, 12.561725579231366, -7.627402458742769, -129.2515400655521, -20.0, -20.0, -20.0
-2.6737768121441, 2.5258668698250886, -6.503060853307972, 12.605260351356744, -7.609855017927236, -129.75418169057036, -20.0, -20.0, -20.0
-2.6674617200048947, 2.5220648188462915, -6.568062776663738, 12.655108205465243, -7.59834889726086, -130.2535117324909, -20.0, -20.0, -20.0
-2.6611200275168287, 2.518266858665486, -6.633313442981381, 12.711661746798113, -7.593491825961141, -130.74915353807958, -20.0, -20.0, -20.0
-2.654748276834276, 2.5144695183906807, -6.698810960870966, 12.775340983412622, -7.59586927326055, -131.24091802026126, -20.0, -20.0, -20.0
-2.6483427909892114, 2.510669039056594, -6.7645533945704175, 12.846602396846412, -7.606048063086144, -131.72881677754518, -20.0, -20.0, -20.0
-2.6418996529440575, 2.5068613813561824, -6.830538866742026, 12.925949783769639, -7.624582738560442, -132.21307190889178, -20.0, -20.0, -20.0
-2.6354146787500605, 2.503042229511206, -6.896765665553319, 13.013946992218132, -7.652024641346107, -132.69412333628136, -20.0, -20.0, -20.0
-2.6288833838185552, 2.499206989938447, -6.963232355057132, 13.111232733803813, -7.688933649690434, -133.17263467896737, -20.0, -20.0, -20.0
-2.6223009412021083, 2.4953507833905113, -7.029937888445471, 13.218537731984641, -7.735892542052433, -133.64949887439025, -20.0, -20.0, -20.0
-2.615662130628513, 2.4914684292505425, -7.096881724368416, 13.336704562397994, -7.793524017822827, -134.12584481738668, -20.0, -20.0, -20.0
-2.6089612768256956, 2.4875544206193845, -7.1640639471485414, 13.46671064887186, -7.86251050680876, -134.60304630311512, -20.0, -20.0, -20.0
-2.6021921754161106, 2.483602888736157, -7.231485392354382, 13.609694989468736, -7.943617026100691, -135.08273452024693, -20.0, -20.0, -20.0
-2.5953480043470853, 2.479607555108377, -7.29914777979724, 13.766989286632086, -8.037717485017797, -135.5668152511839, -20.0, -20.0, -20.0
-2.58842121847054, 2.47556166949224, -7.36705385655504, 13.940154219547791, -8.145824979530154, -136.05749178001457, -20.0, -20.0, -20.0
-2.5814034245202677, 2.47145793156464, -7.43520755306073, 14.131021581542376, -8.269126730870951, -136.55729424274548, -20.0, -20.0, -20.0
-2.5742852334164215, 2.4672883937907413, -7.503614155543658, 14.341742833843368, -8.409024364724804, -137.069115688968, -20.0, -20.0, -20.0
-2.5670560866663705, 2.463044342669592, -7.572280498040864, 14.574844166359991, -8.567180119873546, -137.59625429985547, -20.0, -20.0, -20.0
-2.559704053829322, 2.4587161553438217, -7.641215176554795, 14.833287181834182, -8.745569183206497, -138.1424597558687, -20.0, -20.0, -20.0
-2.5522155989177633, 2.454293128687809, -7.710428786303399, 15.120532464401018, -8.946537440844198, -138.71197923854837, -20.0, -20.0, -20.0
-2.5445753158063864, 2.4497632787942027, -7.779934179695249, 15.440599981106764, -9.17286213358073, -139.30959432885254, -20.0, -20.0, -20.0
-2.536765637149029, 2.4451131108560844, -7.849746736578228, 15.798114648323251, -9.427809618892727, -139.94063320306478, -20.0, -20.0, -20.0
-2.5287665293962296, 2.4403273637436214, -7.9198846278500845, 16.19831636287509, -9.715178830959065, -140.61093188435845, -20.0, -20.0, -20.0
-2.5205552002514255, 2.4353887415151068, -7.990369036543545, 16.64700021634129, -10.039310083098485, -141.3267028894837, -20.0, -20.0, -20.0
-2.512105866656591, 2.43027765753979, -8.061224274681106, 17.150334162997435, -10.405025818168083, -142.09424966075468, -20.0, -20.0, -20.0
-2.503389662953933, 2.4249720377128807, -8.13247769826378, 17.714480647634527, -10.81745348946967, -142.91944466994678, -20.0, -20.0, -20.0
-2.4943748090567315, 2.419447257922188, -8.204159279480832, 18.344934941171847, -11.28166567330171, -143.8068801982616, -20.0, -20.0, -20.0
-2.485027198454001, 2.4136763236417993, -8.276300656853804, 19.045507469750127, -11.802071448253747, -144.75862929362543, -20.0, -20.0, -20.0
-2.475311582806812, 2.4076304234236967, -8.348933479083168, 19.816955119005378, -12.381529424156273, -145.77265962383032, -20.0, -20.0, -20.0
-2.4651934838193132, 2.401279977529139, -8.422086933291254, 20.65544083099005, -13.020254154073283, -146.8411572085156, -20.0, -20.0, -20.0
-2.454641809461321, 2.394596224588975, -8.495784549704473, 21.551256600978355, -13.714757606583346, -147.94930844435618, -20.0, -20.0, -20.0
-2.44363188214444, 2.387553225632864, -8.570040699398229, 22.488452666545356, -14.457238217860896, -149.07529033067132, -20.0, -20.0, -20.0
-2.4321482846172553, 2.380129953875873, -8.64485753542305, 23.445937442193248, -15.235848810102377, -150.1920537686158, -20.0, -20.0, -20.0
-2.4201867765666827, 2.3723119898150453, -8.72022325153935, 24.400094760097428, -16.036007433207953, -151.27081069658328, -20.0, -20.0, -20.0
-2.4077546990550136, 2.364092378286433, -8.79611226779573, 25.328215286578146, -16.842438681241067, -152.285254328934, -20.0, -20.0, -20.0
-2.394869747215749, 2.3554714517919324, -8.872487356589323, 26.21159207048018, -17.64126729676115, -153.21510084543908, -20.0, -20.0, -20.0
-2.3815575120555073, 2.3464557570014892, -8.94930311055842, 27.037348570488458, -18.421511865012246, -154.04791503094862, -20.0, -20.0, -20.0
-2.367848487845978, 2.337056456054548, -9.026509852999265, 27.79874826762888, -19.17569192275306, -154.77905473242973, -20.0, -20.0, -20.0
-2.3537752121376645, 2.327287617033803, -9.104057189789438, 28.494354565624207, -19.899664160227307, -155.4102924282622, -20.0, -20.0, -20.0
-2.3393699618501684, 2.3171646989030212, -9.18189673723346, 29.126646584360735, -20.59200836289985, -155.94789734782577, -20.0, -20.0, -20.0
-2.324663150880253, 2.3067033779134065, -9.25998390874476, 29.70059729530205, -21.253275595558208, -156.40078869736917, -20.0, -20.0, -20.0
-2.3096823778674533, 2.2959187341760567, -9.338278873632087, 30.222494755895976, -21.885299353840068, -156.7790708519363, -20.0, -20.0, -20.0
-2.2944519810257518, 2.284824745466444, -9.416746896653942, 30.699092610909986, -22.490655484610578, -157.09302123548605, -20.0, -20.0, -20.0
-2.278992941910242, 2.2734340112922564, -9.495358269992579, 31.13706385112927, -23.07228121213975, -157.35247211905968, -20.0, -20.0, -20.0
-2.2633230036917786, 2.2617576339352663, -9.574088009179572, 31.542689022723717, -23.63322821582144, -157.56648462891098, -20.0, -20.0, -20.0
-2.247456904681881, 2.24980519806559, -9.65291543460781, 31.921707016867046, -24.176515262883086, -157.74321708403951, -20.0, -20.0, -20.0
-2.2314066604823193, 2.2375848070015945, -9.731823716631641, 32.27926978138062, -24.705048993098732, -157.8899110112883, -20.0, -20.0, -20.0
-2.2151818533567456, 2.2251031475809064, -9.810799429711267, 32.61995872091511, -25.221588689652624, -158.01294130720964, -20.0, -20.0, -20.0
-2.198789904998204, 2.212365565862314, -9.889832139040406, 32.94783471325011, -25.72873818471734, -158.11789600934443, -20.0, -20.0, -20.0
-2.1822363202787196, 2.1993761428253364, -9.9689140292509, 33.266504164687774, -26.228953963192765, -158.20966483263476, -20.0, -20.0, -20.0
-2.1655248965697638, 2.186137763632282, -10.048039576646948, 33.57919067113635, -26.724562809025294, -158.29252475156005, -20.0, -20.0, -20.0
-2.148657897288569, 2.172652176623725, -10.127205261998022, 33.88880645364419, -27.217785225203514, -158.37021665273562, -20.0, -20.0, -20.0
-2.1316361905270984, 2.1589200396418, -10.20640931879122, 34.198020592238315, -27.71076270249625, -158.44601052005953, -20.0, -20.0, -20.0
-2.1144593546768213, 2.1449409519572327, -10.285651511060195, 34.50932280886944, -28.205588035772642, -158.5227585558393, -20.0, -20.0, -20.0
-2.0971257533294354, 2.1307134703122417, -10.364932934861237, 34.82508258067441, -28.70433854419085, -158.6029366483306, -20.0, -20.0, -20.0
-2.0796325816893493, 2.1162351075692456, -10.444255837783453, 35.14760397967047, -29.209112427794068, -158.68867504053256, -20.0, -20.0, -20.0
-2.061975886442197, 2.101502312283213, -10.523623451337965, 35.47917700893894, -29.722068716335585, -158.78177917751393, -20.0, -20.0, -20.0
-2.0441505605790624, 2.086510427248836, -10.603039831548514, 35.82212644359897, -30.24547142117273, -158.88374166468668, -20.0, -20.0, -20.0
-2.0261503141304855, 2.071253624733317, -10.682509703504046, 36.17885935070928, -30.781738640901995, -158.99574615743637, -20.0, -20.0, -20.0
-2.007967621143941, 2.055724815691225, -10.762038306015834, 36.551912595468885, -31.3334975274662, -159.11866388971362, -20.0, -20.0, -20.0
-1.9895936425526124, 2.0399155297569216, -10.84163123285869, 36.94400176984586, -31.903646209747546, -159.25304348171485, -20.0, -20.0, -20.0
-1.9710181238281776, 2.023815762202569, -10.921294267398979, 37.358073127893405, -32.49542400766261, -159.39909467944173, -20.0, -20.0, -20.0
-1.9522292654702187, 2.007413783310029, -11.00103320776907, 37.79736030394255, -33.11249156249748, -159.55666680091886, -20.0, -20.0, -20.0
-1.9332135634306176, 1.990695904700683, -11.080853680199798, 38.26544785446165, -33.75902287488697, -159.72522292199577, -20.0, -20.0, -20.0
-1.9139556154572546, 1.9736461960549172, -11.160760938743895, 38.7663440389907, -34.43981170817589, -159.90381125439032, -20.0, -20.0, -20.0
-1.8944378879997017, 1.9562461442706016, -11.240759650500658, 39.30456579122107, -35.16039542908631, -160.0910357726628, -20.0, -20.0, -20.0
-1.874640436651893, 1.9384742453639878, -11.320853666681685, 39.88523960001369, -35.92720019736844, -160.28502895144413, -20.0, -20.0, -20.0
-1.8545405709705196, 1.9203055171632328, -11.401045781540459, 40.514223125479795, -36.74771260565195, -160.48343048364956, -20.0, -20.0, -20.0
-1.8341124516972376, 1.9017109178608314, -11.48133748342387, 41.19825396764839, -37.63068460395407, -160.68337704999496, -20.0, -20.0, -20.0
-1.8133266046291052, 1.8826566514304692, -11.561728705076776, 41.94513430488124, -38.58638111749463, -160.88150956162926, -20.0, -20.0, -20.0
-1.792149330190229, 1.8631033352432487, -11.642217583902367, 42.763963450623784, -39.62688363138728, -161.0740057407319, -20.0, -20.0, -20.0
-1.7705419805216045, 1.8430049971235531, -11.722800247180414, 43.66543522387409, -40.76646884739481, -161.2566473714561, -20.0, -20.0, -20.0
-1.7484600656848956, 1.8223078573282774, -11.803470642276048, 44.6622241229613, -42.02209033370844, -161.42493301107925, -20.0, -20.0, -20.0
-1.7258521359625945, 1.8009488336353459, -11.884220437646583, 45.76949476624354, -43.414004438018054, -161.5742484710563, -20.0, -20.0, -20.0
-1.702658366092125, 1.7788536820183956, -11.965039027079607, 47.00558471563391, -44.96660202978291, -161.70010926103632, -20.0, -20.0, -20.0
-1.6788087362706503, 1.755934646821757, -12.04591367743201, 48.392934570265254, -46.70953875677136, -161.79849214857649, -20.0, -20.0, -20.0
-1.6542206586123436, 1.7320874359061598, -12.126829870072756, 49.95937606296125, -48.679304905617116, -161.8662784144063, -20.0, -20.0, -20.0
-1.6287958277438659, 1.707187246473072, -12.20777190011485, 51.73994741094957, -50.92145282673427, -161.90184175396672, -20.0, -20.0, -20.0
-1.6024159657062265, 1.681083426948784, -12.288723818889087, 53.77950073960784, -53.49382527041721, -161.90583334298555, -20.0, -20.0, -20.0
-1.5749369586777302, 1.6535921358553516, -12.369670840399708, 56.13652737437721, -56.471339103312474, -161.88225269949783, -20.0, -20.0, -20.0
-1.5461806000028309, 1.624485989249973, -12.45060139328522, 58.88890732521982, -59.953247318201946, -161.83995884255282, -20.0, -20.0, -20.0
