-0.018599800942622608, 0.02984673596597616, -0.0046418571807877625, -66.46973140800078, 106.67669003030055, -16.54296573820645, -20.0, 20.0, 20.0
-0.03259436797587328, 0.052193863477446936, -0.007741939573260249, 10.491463274998125, -17.288179984417425, 4.142636168316503, -20.0, -20.0, 20.0
-0.03716768680363803, 0.059290780450991516, -0.008052698649789181, -28.78473858605713, 45.675847878595754, -5.385672474432237, -20.0, 20.0, 20.0
-0.0569604021842406, 0.09076937236707583, -0.011991646719358127, -50.38612293635317, 80.23851978574149, -10.370119803843547, -20.0, 20.0, 20.0
-0.07601945712994818, 0.12100516902292156, -0.015465513564915195, -25.85009684647712, 40.70466683764144, -3.525347578384727, -20.0, 20.0, 20.0
-0.09021643507762414, 0.14336281841567994, -0.017411702291031003, -30.937814944226723, 48.725930733392076, -4.259407326078507, -20.0, 20.0, 20.0
-0.10512323275616141, 0.1667896171580739, -0.019258194786306786, -28.68937576992236, 44.98126423618366, -3.126562655024631, -20.0, 20.0, 20.0
-0.11904594885752329, 0.18856935674160732, -0.020574553234510712, -27.001488635525135, 42.13769409795006, -2.1388711377910643, -20.0, 20.0, 20.0
-0.13221625407411197, 0.20907442970400433, -0.021420822392281897, -25.679732230829632, 39.882597751638016, -1.246205493293679, -20.0, 20.0, 20.0
-0.14478790157682656, 0.2285519546077346, -0.0218369733395248, -24.60685778002868, 38.02750186328296, -0.41839829567793807, -20.0, 20.0, 20.0
-0.1568678036138602, 0.24717375517983317, -0.02185092917599817, -23.71275036810592, 36.459700425111365, 0.36257494978446503, -20.0, 20.0, 20.0
-0.16853412182333322, 0.26506544020711165, -0.021483225452594595, -22.952522469786125, 35.10703968400249, 1.1082399438298238, -20.0, 20.0, 20.0
-0.17984621495950787, 0.28232239431041856, -0.02074957289809175, -22.29585007491246, 33.92077672922512, 1.8263702741815595, -20.0, 20.0, 20.0
-0.19085051824759316, 0.2990192291139374, -0.019662372275901126, -21.72136307742875, 32.86656248485041, 2.5224322145809355, -20.0, 20.0, 20.0
-0.2015842291733094, 0.3152157084238627, -0.01823166427031874, -21.213480625436226, 31.919354754850836, 3.200399807748609, -20.0, 20.0, 20.0
-0.21207772961055402, 0.3309606421514761, -0.01646575390387635, -20.760521123542286, 31.060380155602612, 3.863241658020963, -20.0, 20.0, 20.0
-0.22235623977537072, 0.3462945454341327, -0.014371637100398533, -20.353519535724505, 30.275232975023858, 4.513225555890296, -20.0, 20.0, 20.0
-0.23244098415102304, 0.36125151326469845, -0.011955301546377497, -19.985457966884827, 29.55263834723924, 5.1521166601938475, -20.0, 20.0, 20.0
-0.24235003574262795, 0.37586057803934575, -0.009221944697298631, -19.6507483995348, 28.883620751349888, 5.781310736121618, -20.0, 20.0, 20.0
-0.25209894160098045, 0.3901467154934154, -0.006176135441604955, -19.344875033875276, 28.26092906492863, 6.401926286653086, -20.0, 20.0, 20.0
-0.26170119558193644, 0.40413160506338414, -0.0028219364120847744, -19.064140889948778, 27.67862921494632, 7.014869831427638, -20.0, 20.0, 20.0
-0.27116860190792114, 0.417834214706764, 0.0008370018349935855, -18.80548441398998, 27.131809358573214, 7.620883156885803, -20.0, 20.0, 20.0
-0.28051155906946434, 0.43127125766141566, 0.004797367166087007, -18.56634423218282, 26.616362460033343, 8.220578167487883, -20.0, 20.0, 20.0
-0.28973928456041903, 0.44445755408748433, 0.009056127464621193, -18.344557731635877, 26.128823244241335, 8.814463026648864, -20.0, 20.0, 20.0
-0.29885999495898574, 0.4574063209199972, 0.013610483736728601, -18.138283862631027, 25.666244085810185, 9.402962061780773, -20.0, 20.0, 20.0
-0.3078810518200293, 0.47012940675522613, 0.01845783203431935, -17.94594358154314, 25.22609925510549, 9.986431128582215, -20.0, 20.0, 20.0
-0.3168090810505011, 0.4826374841030699, 0.02359573222097238, -17.76617334034413, 24.806210136269474, 10.565169618029909, -20.0, 20.0, 20.0
-0.3256500714756363, 0.49494020818029655, 0.02902188211211253, -17.597788360196688, 24.404686172637078, 11.139429946530688, -20.0, 20.0, 20.0
-0.3344094568996994, 0.5070463491626648, 0.034734095882604746, -17.43975333605589, 24.019877756835836, 11.709425135438186, -20.0, 20.0, 20.0
-0.34309218494644433, 0.5189639031764643, 0.0407302858973167, -17.29115885092377, 23.650338298362524, 12.275334923409629, -20.0, 20.0, 20.0
-0.3517027752151994, 0.5307001861055276, 0.047008447313235925, -17.151202224096387, 23.294793417890713, 12.83731074026727, -20.0, 20.0, 20.0
-0.3602453687303979, 0.5422619133925737, 0.05356664494551873, -17.019171836697673, 22.95211573029363, 13.39547978886394, -20.0, 20.0, 20.0
-0.36872377024183756, 0.553655268337682, 0.06040300199820318, -16.894434209060783, 22.62130405013966, 13.949948421873847, -20.0, 20.0, 20.0
-0.3771414846126644, 0.5648859608817843, 0.06751569034284723, -16.776423274246557, 22.301466126269688, 14.500804956702371, -20.0, 20.0, 20.0
-0.38550174828571604, 0.5759592784669961, 0.07490292209183584, -16.664631417960116, 21.991804214577446, 15.048122039252066, -20.0, 20.0, 20.0
-0.3938075566276065, 0.5868801302581393, 0.08256294226238341, -16.55860194960186, 21.691602949995218, 15.59195864293822, -20.0, 20.0, 20.0
-0.4020616878001907, 0.5976530857690655, 0.09049402236584526, -16.45792274073472, 21.40021909370931, 16.132361770909192, -20.0, 20.0, 20.0
-0.4102667236908556, 0.6082824087473759, 0.09869445478740597, -16.362220821924975, 21.117072819532392, 16.669367915333645, -20.0, 20.0, 20.0
-0.4184250683391003, 0.6187720870200368, 0.10716254784542739, -16.271157771053836, 20.84164027111109, 17.203004316752008, -20.0, 20.0, 20.0
-0.4265389642215976, 0.6291258588813861, 0.11589662143912685, -16.18442575893519, 20.57344717428564, 17.73329005804581, -20.0, 20.0, 20.0
-0.43461050669725665, 0.6393472365074883, 0.1248950032088798, -16.101744143700966, 20.312063330123244, 18.260237020965985, -20.0, 20.0, 20.0
-0.442641656864586, 0.6494395268016767, 0.13415602514610767, -16.022856525616366, 20.05709784663077, 18.783850727945488, -20.0, 20.0, 20.0
-0.4506342530434947, 0.6594058500115677, 0.14367802060003879, -15.947528190018282, 19.808194992933288, 19.304131087778995, -20.0, 20.0, 20.0
-0.4585900210607174, 0.6692491564048749, 0.15345932163709372, -15.87554387887247, 19.565030580295588, 19.821073060440703, -20.0, 20.0, 20.0
-0.4665105834908681, 0.6789722412476759, 0.16349825671561566, -15.80670584173036, 19.327308790908287, 20.33466725364706, -20.0, 20.0, 20.0
-0.4743974679825948, 0.6885777582925853, 0.17379314864443116, -15.740832125176404, 19.094759388729344, 20.844900461614902, -20.0, 20.0, 20.0
-0.48225211478054075, 0.6980682319541511, 0.1843423127985124, -15.67775506660739, 18.86713525753419, 21.351756154710078, -20.0, 20.0, 20.0
-0.4900758835381168, 0.7074460683235844, 0.19514405556900102, -15.617319963696945, 18.64421022019868, 21.855214927244358, -20.0, 20.0, 20.0
-0.4978700595028963, 0.716713565153764, 0.20619667302818595, -15.559383895421133, 18.425777100520047, 22.355254909495336, -20.0, 20.0, 20.0
-0.505635859145314, 0.7258729209276154, 0.21749844979282093, -15.503814674249277, 18.211645994884936, 22.851852149044607, -20.0, 20.0, 20.0
-0.5133744352919242, 0.7349262431078534, 0.22904765807151073, -15.450489912191529, 18.0016427260671, 23.344980965714605, -20.0, 20.0, 20.0
-0.5210868818164626, 0.7438755556532639, 0.2408425568838651, -15.399296185962223, 17.7956074555752, 23.834614283702916, -20.0, 20.0, 20.0
-0.5287742379351187, 0.7527228058757647, 0.25288139144077576, -15.35012828866222, 17.593393434428084, 24.320723943939736, -20.0, 20.0, 20.0
-0.5364374921465795, 0.7614698707031554, 0.2651623926765632, -15.30288855718109, 17.3948658751347, 24.803280999210003, -20.0, 20.0, 20.0
-0.5440775858523831, 0.7701185624044635, 0.27768377692490837, -15.257486266033013, 17.19990093009769, 25.282255994170484, -20.0, 20.0, 20.0
-0.551695416688796, 0.7786706338279188, 0.29044374573146137, -15.213837079618331, 17.008384763723548, 25.757619232041492, -20.0, 20.0, 20.0
-0.5592918415976971, 0.7871277831956679, 0.3034404857968348, -15.171862555986298, 16.820212707272862, 26.22934102945217, -20.0, 20.0, 20.0
-0.5668676796607177, 0.7954916584942298, 0.31667216904436274, -15.131489696096358, 16.63528848697444, 26.69739196065965, -20.0, 20.0, 20.0
-0.5744237147180824, 0.8037638614952732, 0.3301369528075624, -15.092650533362184, 16.45352351719954, 27.16174309213895, -20.0, 20.0, 20.0
-0.5819606977911571, 0.8119459514374688, 0.34383298013268376, -15.055281758936557, 16.274836251582727, 27.62236620834658, -20.0, 20.0, 20.0
-0.5894793493255848, 0.8200394483968427, 0.35775838019209355, -15.019324378774085, 16.09915158591261, 28.079234029292664, -20.0, 20.0, 20.0
-0.5969803612700302, 0.8280458363701766, 0.3719112688045191, -14.984723399007638, 15.926400307422849, 28.532320420409462, -20.0, 20.0, 20.0
-0.6044643990039335, 0.8359665660934851, 0.3862897490583906, -14.951427536605536, 15.75651858581124, 28.98160059507656, -20.0, 20.0, 20.0
-0.6119321031262474, 0.8438030576154175, 0.40089191203467256, -14.919388952650252, 15.5894475019186, 29.427051310051446, -20.0, 20.0, 20.0
-0.619384091115886, 0.851556702643528, 0.41571583762567477, -14.888563005904196, 15.42513261052325, 29.868651053957304, -20.0, 20.0, 20.0
-0.6268209588735149, 0.8592288666796994, 0.4307595954463881, -14.858908024611168, 15.263523534162639, 30.30638022889587, -20.0, 20.0, 20.0
-0.63424328215335, 0.8668208909595627, 0.44602124583490727, -14.830385094729314, 15.10457358529057, 30.740221325180798, -20.0, 20.0, 20.0
-0.6416516178927844, 0.8743340942094915, 0.46149884093848376, -14.80295786300787, 14.948239414424386, 31.170159089125207, -20.0, 20.0, 20.0
-0.6490465054469138, 0.8817697742336572, 0.4771904258817063, -14.776592353509896, 14.79448068223841, 31.596180683765024, -20.0, 20.0, 20.0
-0.6564284677343788, 0.8891292093426727, 0.49309404001323676, -14.751256796350114, 14.643259753823402, 32.01827584235678, -20.0, 20.0, 20.0
-0.6637980123003573, 0.8964136596345189, 0.5092077182274394, -14.72692146756398, 14.494541413561569, 32.43643701445386, -20.0, 20.0, 20.0
-0.6711556323020367, 0.9036243681377261, 0.5255294923571375, -14.703558539153613, 14.348292599267058, 32.850659504338736, -20.0, 20.0, 20.0
-0.6785018074214427, 0.9107625618261469, 0.5420573926336146, -14.681141938470642, 14.204482154416183, 33.2609416015696, -20.0, 20.0, 20.0
-0.6858370047101097, 0.9178294525141116, 0.558789449209854, -14.659647216196923, 14.063080597442921, 33.66728470338791, -20.0, 20.0, 20.0
-0.6931616793697273, 0.9248262376402739, 0.575723693742883, -14.639051422273356, 13.924059907206166, 34.06969342872831, -20.0, 20.0, 20.0
-0.700476275472597, 0.9317541009480375, 0.5928581610309586, -14.619332989205745, 13.787393323847917, 34.4681757235738, -20.0, 20.0, 20.0
-0.7077812266254601, 0.938614213070089, 0.6101908907012036, -14.600471622246234, 13.653055164358086, 34.862742957406475, -20.0, 20.0, 20.0
-0.7150769565800241, 0.9454077320242394, 0.6277199289431845, -14.582448196010144, 13.521020652243626, 35.25341001051748, -20.0, 20.0, 20.0
-0.7223638797933122, 0.9521358036274925, 0.6454433302838035, -14.565244657141994, 13.39126576076868, 35.640195351958575, -20.0, 20.0, 20.0
-0.7296424019407707, 0.9587995618350071, 0.6633591593987785, -14.54884393269189, 13.263767069289896, 36.023121107941414, -20.0, 20.0, 20.0
-0.7369129203849198, 0.9654001290103942, 0.6814654929558936, -14.533229843904962, 13.138501632258066, 36.40221312051896, -20.0, 20.0, 20.0
-0.7441758246021868, 0.9719386161335825, 0.6997604214851274, -14.518387025162747, 13.015446860495041, 36.77750099641594, -20.0, 20.0, 20.0
-0.7514314965704392, 0.9784161229523023, 0.7182420512707093, -14.504300847846833, 12.894580414384405, 37.149018145911505, -20.0, 20.0, 20.0
-0.7586803111196314, 0.9848337380830575, 0.7369085062601163, -14.490957348922318, 12.775880108636695, 37.51680181171641, -20.0, 20.0, 20.0
-0.7659436329899267, 0.9912561618880444, 0.7556023729571698, -14.56233013225912, 12.913815111310972, 37.25866497649786, -20.0, 20.0, 1.6300224697397425
-0.7732665235082415, 0.9978205909010023, 0.7739851302800167, -14.729231941000249, 13.343900940520268, 36.27236431488967, -20.0, 20.0, -20.0
-0.7806706968808483, 1.0045961949895679, 0.7918767030390826, -14.887461549426849, 13.758515413742176, 35.293926721373936, -20.0, 20.0, -20.0
-0.788151884088486, 1.0115753411407375, 0.8092810705241222, -15.037287281124108, 14.158069190936537, 34.32354321878447, -20.0, 20.0, -20.0
-0.7956956690503487, 1.0187203472520148, 0.8262766758436709, -15.137852566326536, 14.421955254172415, 33.65887805941034, -20.0, 20.0, -11.071337319925078
-0.8032986354150772, 1.0260248674261683, 0.8428672992099756, -15.27401289258727, 14.796125442441284, 32.70361540580836, -20.0, 20.0, -20.0
-0.8109324810726211, 1.0334104817553527, 0.8592354845558208, -15.261369737588298, 14.746331874295851, 32.76912597757252, -20.0, 20.0, 10.638167102617444
-0.8185954442061241, 1.0408733180429603, 0.875384224943888, -15.390482796423832, 15.105013276134477, 31.82583557469646, -20.0, 20.0, -20.0
-0.8263211516718904, 1.0485121795372125, 0.8910634679729056, -15.512347066641333, 15.450432700873913, 30.891136541373733, -20.0, 20.0, -20.0
-0.8341060422250423, 1.0563205414541843, 0.9062775205425908, -15.627215145966312, 15.783014967013148, 29.965073737366986, -20.0, 20.0, -20.0
-0.8419378964879474, 1.0642671735817666, 0.9210928613118241, -15.70020190565437, 16.003513543316068, 29.296289339566428, -20.0, 20.0, -12.345491202644553
-0.8498046494293657, 1.072320611868414, 0.9355787742067886, -15.766809860019181, 16.2102396032744, 28.647362240291304, -20.0, 20.0, -11.926678565633665
-0.8577043401961018, 1.0804773394243372, 0.949737037340964, -15.831953206925034, 16.416670620418127, 27.985690296410567, -20.0, 20.0, -12.514474765289378
-0.8656299747483915, 1.0887197019294104, 0.9636054157956577, -15.870585002234183, 16.552779399874368, 27.487823522364057, -20.0, 20.0, -7.604454196720326
-0.8735883580552019, 1.0970679719180283, 0.9771271221413473, -15.962948225007198, 16.84030055459707, 26.599001860394285, -20.0, 20.0, -20.0
-0.8815461343310845, 1.105431952523948, 0.9905245184018161, -15.868156878523715, 16.615621869081338, 26.990583181480563, -20.0, 20.0, 20.0
-0.8895029473821403, 1.113809977948414, 1.003800215953712, -15.959095325699593, 16.89647982878262, 26.112207026103544, -20.0, 20.0, -20.0
-0.8975038356564952, 1.1223258345362284, 1.0166388740844783, -16.04445777171976, 17.16694652247486, 25.242425496961744, -20.0, 20.0, -20.0
-0.9055460623467647, 1.13097442175994, 1.029044770454447, -16.12444898935861, 17.427402372371482, 24.381159982912994, -20.0, 20.0, -20.0
-0.9136051447802528, 1.13969155091841, 1.0411747731429373, -16.111880744593734, 17.441114261508268, 24.138850771048357, -20.0, 20.0, -0.467989518552713
-0.9216797193253313, 1.1484741845387665, 1.053032257001761, -16.186417435720227, 17.689420219917327, 23.29108466424662, -20.0, 20.0, -20.0
-0.9297662998430802, 1.157314031553411, 1.064635783162477, -16.1599046352754, 17.669967838660096, 23.12301997861765, -20.0, 20.0, 1.659695288896728
-0.9378637566715706, 1.1662084416525125, 1.0759885789469221, -16.229922678686233, 17.907672557745723, 22.2881631591627, -20.0, 20.0, -20.0
-0.9459778491916043, 1.1751736320672372, 1.0870461654902344, -16.226447401448745, 17.953089101153523, 21.94218301408647, -20.0, 20.0, -4.362901200770466
-0.9541071919905842, 1.1842066382383454, 1.0978119512340916, -16.290923794470793, 18.178935583279387, 21.120959961342496, -20.0, 20.0, -20.0
-0.9622240468821318, 1.1932350646604026, 1.1084740465175833, -16.176495771719335, 17.934770104949628, 21.527421172624123, -20.0, 20.0, 20.0
-0.97032850028834, 1.202258092354738, 1.1190348050290642, -16.24131785311323, 18.157340672391133, 20.71561287329903, -20.0, 20.0, -20.0
-0.9784642899907582, 1.2113904187297821, 1.1291916291023252, -16.30184095655958, 18.37196482778604, 19.911683419744858, -20.0, 20.0, -20.0
-0.9866162887009331, 1.2205940895586467, 1.1390395923114787, -16.306153884140155, 18.442718487672337, 19.480169416869096, -20.0, 20.0, -7.894404715828841
-0.9947726626755722, 1.2298390190148514, 1.1486553935571389, -16.3193420144162, 18.536999337146472, 18.983035565771242, -20.0, 20.0, -10.223273023058027
-1.0029215175270183, 1.2390946353944965, 1.1581201100724219, -16.27607739136866, 18.485466181434344, 18.875830495360802, -20.0, 20.0, 2.661285985570885
-1.0110731140775153, 1.2483870997150475, 1.1673628849533007, -16.330308810619364, 18.68439110076986, 18.09526902815407, -20.0, 20.0, -20.0
-1.019217325421449, 1.2576907235864199, 1.1764533268201092, -16.246536565115004, 18.5301043847196, 18.266498439080063, -20.0, 20.0, 11.847170943548917
-1.0273539386003891, 1.2670044117162336, 1.1853938889253395, -16.299916150645817, 18.724648134535165, 17.495749981840778, -20.0, 20.0, -20.0
-1.0355163227365671, 1.2764137109324865, 1.1939508801198662, -16.34962039406613, 18.912548730476203, 16.732214796265644, -20.0, 20.0, -20.0
-1.0436612030992727, 1.2858094029084783, 1.2024210152335606, -16.22990105675591, 18.67021917349112, 17.148325658511833, -20.0, 20.0, 20.0
-1.051788832959565, 1.2951911019478566, 1.2108063367884991, -16.28061838441392, 18.856576984022283, 16.392960561241914, -20.0, 20.0, -20.0
-1.0599409511592677, 1.3046644260390474, 1.2188157116384486, -16.32785441439635, 19.03671938074143, 15.64453883855601, -20.0, 20.0, -20.0
-1.06807506696428, 1.3141230764529042, 1.2267424244944156, -16.208608805653288, 18.79788227468512, 16.06231258531181, -20.0, 20.0, 20.0
-1.0761914475009682, 1.3235667374860118, 1.2345884332968826, -16.256913341099395, 18.976761857745323, 15.321722624556463, -20.0, 20.0, -20.0
-1.084331154516153, 1.333098384774757, 1.2420658139626415, -16.3019147196394, 19.149827297235237, 14.58780003847915, -20.0, 20.0, -20.0
-1.0924524858868139, 1.3426145539055474, 1.2494645237812962, -16.183410763004503, 18.914849225925966, 15.007039236139688, -20.0, 20.0, 20.0
-1.1005557183953198, 1.352114992202359, 1.2567864341065271, -16.22951927101919, 19.08690396132062, 14.280602064784242, -20.0, 20.0, -20.0
-1.10868122037429, 1.3617000985457142, 1.2637467228404893, -16.272488644861298, 19.25352141210004, 13.560552871064477, -20.0, 20.0, -20.0
-1.116788081746789, 1.3712691551004283, 1.2706321248539787, -16.154956845135242, 19.02270480675682, 13.98105518289354, -20.0, 20.0, 20.0
-1.1248765855521725, 1.3808219661946417, 1.2774444237856608, -16.19905837639904, 19.188539570096513, 13.26814054383535, -20.0, 20.0, -20.0
-1.1329800359184041, 1.3904406663914117, 1.2839478235892288, -16.21474308852712, 19.286261216983533, 12.745458670436431, -20.0, 20.0, -13.460981683948376
-1.141058600073601, 1.4000275681854446, 1.2904257348603223, -16.099513532260236, 19.06134595914797, 13.166186413938048, -20.0, 20.0, 20.0
-1.1491191939187744, 1.409598638091556, 1.2968336298659286, -16.142861848433093, 19.222933665297482, 12.465393608487645, -20.0, 20.0, -20.0
-1.1572007443679513, 1.419249302206918, 1.302892593977945, -16.183339948274135, 19.379722796150194, 11.770462839577492, -20.0, 20.0, -20.0
-1.1652639187253968, 1.4288840512987084, 1.3088832310996674, -16.069357481507645, 19.159273571012076, 12.19208564731203, -20.0, 20.0, 20.0
-1.1733089893528816, 1.4385027593811943, 1.3148071700346677, -16.110925028431268, 19.315558758931235, 11.503670092689395, -20.0, 20.0, -20.0
-1.1813524773881356, 1.4481454358219805, 1.3205480665650553, -16.06302711258475, 19.255147004213594, 11.459916028860746, -20.0, 20.0, 3.168392304180543
-1.1893939592924512, 1.457811073353553, 1.3261080098992923, -16.102900504677677, 19.407403122076076, 10.779857308087813, -20.0, 20.0, -20.0
-1.197417773517422, 1.4674617078493375, 1.3316032818890842, -15.992356395205555, 19.19513486106187, 11.201230651079461, -20.0, 20.0, 20.0
-1.205424171417276, 1.477097231604511, 1.3370354256262862, -16.033235204210413, 19.346960159632463, 10.527344297728257, -20.0, 20.0, -20.0
-1.2134336082861399, 1.4867669357488824, 1.3422570203996886, -16.004512271245254, 19.33185641785289, 10.359034795881104, -20.0, 20.0, -1.6207490281581158
-1.2214409288212622, 1.4964585852298644, 1.3473044011553672, -16.02476986924399, 19.4347415060749, 9.830488226833497, -20.0, 20.0, -14.953201619349784
-1.229426550817167, 1.5061249154370258, 1.3523248674051653, -15.91771811437464, 19.230579322570325, 10.251376772359217, -20.0, 20.0, 20.0
-1.2373954665218614, 1.5157771632971462, 1.3572855029870736, -15.957944704403454, 19.378412117911466, 9.59116555527389, -20.0, 20.0, -20.0
-1.2453631608571072, 1.5254523294080609, 1.3620742461160313, -15.91283263657975, 19.32225232574743, 9.563806960557246, -20.0, 20.0, 3.3643032156285244
-1.253329249246469, 1.535149572190962, 1.366692950959297, -15.951520920867152, 19.466718805857127, 8.911012412505414, -20.0, 20.0, -20.0
-1.2612394412003733, 1.544751834055156, 1.371337775156931, -15.689246894750259, 18.942328650919286, 9.668284378029753, -20.0, -20.0, 20.0
-1.2690561836681717, 1.5541798134748668, 1.3760922605558297, -15.577722976443155, 18.769589027923395, 9.349657217565758, -20.0, -19.77356023767561, -20.0
-1.276817960806676, 1.5635223011728476, 1.3806875061000403, -15.469385577574238, 18.600361763999643, 9.031324959277077, -20.0, -20.0, -20.0
-1.2845265508615187, 1.5727814584698196, 1.3851232023946942, -15.36497464179639, 18.43626742388841, 8.711460219338482, -20.0, -20.0, -20.0
-1.2921838740380773, 1.5819597903870102, 1.3893986032725285, -15.264318064438068, 18.277060244873773, 8.39014329199903, -20.0, -20.0, -20.0
-1.2997917670256502, 1.591059682989034, 1.3935130012954429, -15.167253885853292, 18.122510163221477, 8.067448799658195, -20.0, -20.0, -20.0
-1.3073502617386654, 1.6000792752699766, 1.3974792308929105, -15.066724966207044, 17.95585896054872, 7.7974695902120414, -20.0, -20.0, -17.939830436555667
-1.314844165057677, 1.608980252553062, 1.4014297049989004, -14.90888830983911, 17.648050171793468, 8.004426833747715, -20.0, -20.0, 0.3599450754663849
-1.3222774722787607, 1.6177696013410756, 1.4053498687904324, -14.824340574495928, 17.509344980260312, 7.676228332380867, -20.0, -20.0, -20.0
-1.3296692440358013, 1.626490530073371, 1.4091056742571535, -14.742746453667046, 17.374369948921245, 7.346993534503057, -20.0, -20.0, -20.0
-1.3370161892596926, 1.6351335349090927, 1.4127343232573013, -14.645034441897458, 17.19764939396578, 7.167602466088477, -20.0, -20.0, -14.182834060923824
-1.344312547766724, 1.6436830789399421, 1.4162936514367752, -14.540399586227917, 17.000526729431687, 7.0697102518071855, -20.0, -20.0, -10.962461379338038
-1.3515647919241562, 1.6521526269070668, 1.419745229500988, -14.468577043501067, 16.877665139066544, 6.736602005044148, -20.0, -20.0, -20.0
-1.3587561108808812, 1.6605002716976773, 1.423236720239658, -14.29669878339894, 16.512914023375714, 7.229360949636149, -20.0, -20.0, 12.139474636347131
-1.3658885436531498, 1.6687284691414315, 1.426767190826504, -14.23303230567537, 16.39987575164079, 6.892521397748104, -20.0, -20.0, -20.0
-1.372989694732658, 1.676900810778866, 1.4301290848597366, -14.171572012358014, 16.28949079809816, 6.555054735182191, -20.0, -20.0, -20.0
-1.3800606472909378, 1.685018597469701, 1.433322095366409, -14.112238220760622, 16.181655965241575, 6.216987291507903, -20.0, -20.0, -20.0
-1.3870916896763772, 1.693057388282341, 1.4364342036706805, -14.011931320997231, 15.973507285318497, 6.231445925577908, -20.0, -20.0, -6.129375445192409
-1.3940841575091636, 1.7010187620048414, 1.4394649177447116, -13.95794001014871, 15.871987604683031, 5.891410370546718, -20.0, -20.0, -20.0
-1.4010319772624773, 1.708886622403977, 1.4424755902381752, -13.833339003106413, 15.599453991859134, 6.1512796033073105, -20.0, -20.0, 3.700607342320609
-1.4079366092067656, 1.716662665480974, 1.4454656421578378, -13.78518877404675, 15.504718316128857, 5.808928075342849, -20.0, -20.0, -20.0
-1.41481759057894, 1.724391829148897, 1.448284422463287, -13.73873671465129, 15.4119363555634, 5.466193146453511, -20.0, -20.0, -20.0
-1.4216537709267474, 1.7320224684416805, 1.4511164149258835, -13.60598467657851, 15.110620815569865, 5.861776703932856, -20.0, -20.0, 9.368509693784517
-1.428446585483106, 1.7395562148222887, 1.4539610495780306, -13.565273548856524, 15.02436470686328, 5.516761904655954, -20.0, -20.0, -20.0
-1.4352194138789942, 1.7470472445447205, 1.4566331105888286, -13.526040034696285, 14.939754182863492, 5.171482138535572, -20.0, -20.0, -20.0
-1.441963328780302, 1.7544732240044143, 1.45921473039449, -13.44961957053479, 14.76416365591144, 5.154997084110322, -20.0, -20.0, -6.827481852502842
-1.4486793003921155, 1.7618352320667159, 1.4617056203794623, -13.414266876719553, 14.683868593295124, 4.808562855778328, -20.0, -20.0, -20.0
-1.455349020916321, 1.7690880464991876, 1.46427195559272, -13.264615220102554, 14.327389136591808, 5.456777997252517, -20.0, -20.0, 20.0
-1.461973914669084, 1.7762332336640567, 1.4669131687662507, -13.234959790949876, 14.253359522884944, 5.108074696870506, -20.0, -20.0, -20.0
-1.4685842736143144, 1.7833417116804189, 1.4693800048892969, -13.206475989971969, 14.180552542563541, 4.759269795313903, -20.0, -20.0, -20.0
-1.4751806748439948, 1.7904140831406063, 1.4716724129958296, -13.179128928749964, 14.1089332981862, 4.410362630817405, -20.0, -20.0, -20.0
-1.4817425767960588, 1.7974000572461726, 1.473975561409518, -13.068478879505593, 13.83496312407903, 4.80223102393645, -20.0, -20.0, 10.042698028121436
-1.4882710637790444, 1.804300791288556, 1.4762890843150753, -13.045469052437063, 13.767973045454829, 4.451860598292497, -20.0, -20.0, -20.0
-1.4947882946806044, 1.8111682802938212, 1.478427413291288, -13.023454553802894, 13.701982975605754, 4.101455306558012, -20.0, -20.0, -20.0
-1.5012734269719292, 1.8179513818713462, 1.4805806840523708, -12.917074611496624, 13.430423334494797, 4.511627737772746, -20.0, -20.0, 11.029160220874473
-1.5077274656769666, 1.8246511459979307, 1.4827485759379886, -12.899080208653018, 13.368633171843372, 4.159939804698205, -20.0, -20.0, -20.0
-1.5141727250510646, 1.8313202245782478, 1.4847406293797418, -12.881957287738622, 13.307681149425557, 3.8082739623148574, -20.0, -20.0, -20.0
-1.520587532210798, 1.837905288554205, 1.486756989711104, -12.777271351195091, 13.032574754403216, 4.257167363133251, -20.0, -20.0, 12.846484273421083
-1.5269728345646714, 1.8444073074540872, 1.488797368784384, -12.76393806429804, 12.975500845124856, 3.904348929987026, -20.0, -20.0, -20.0
-1.5333516606613073, 1.850880963346346, 1.4906613566564497, -12.75136632224589, 12.919122723910638, 3.5516025582755466, -20.0, -20.0, -20.0
-1.539704040952823, 1.857276872559766, 1.4925361933423067, -12.658154843817332, 12.664514129768426, 3.947744185152673, -20.0, -20.0, 10.894219590912257
-1.5460308131347853, 1.863595871567068, 1.4944216517420137, -12.648933884031381, 12.61148189943939, 3.594089413675281, -20.0, -20.0, -20.0
-1.5523531417887864, 1.869888499394079, 1.496130309791744, -12.64038073197263, 12.559029408604927, 3.2405427852463573, -20.0, -20.0, -20.0
-1.5586455794913585, 1.8760916675356423, 1.4979033339992995, -12.52937007831574, 12.253643157648323, 3.8515540449754613, -20.0, -20.0, 20.0
-1.5649090262306657, 1.8822062651117515, 1.4997404632197346, -12.524416878913208, 12.204747146788703, 3.4969628367647565, -20.0, -20.0, -20.0
-1.571170140437289, 1.8882965294208216, 1.5014003355344538, -12.520039947580234, 12.156310089491317, 3.1425264221122946, -20.0, -20.0, -20.0
-1.5774190808832782, 1.8943376332872375, 1.502979335833333, -12.47572183637592, 12.008105376172425, 3.173474773404286, -20.0, -20.0, -3.94136307847441
-1.5836563460464386, 1.900330032234264, 1.5044774171071764, -12.473338816265459, 11.961490411933305, 2.818850321969689, -20.0, -20.0, -20.0
-1.5898676925055488, 1.9062374255926346, 1.5060373611522955, -12.372047020175293, 11.668083021549053, 3.4209258585068145, -20.0, -20.0, 20.0
-1.5960539073048512, 1.9120605653752447, 1.5076589672522511, -12.372812177033765, 11.624476108891171, 3.0654985413156215, -20.0, -20.0, -20.0
-1.6022406190514062, 1.9178619812268896, 1.5091029082899263, -12.374034809186622, 11.581187297688498, 2.710265609384983, -20.0, -20.0, -20.0
-1.6084078778206858, 1.9235912928740482, 1.5105667667239486, -12.29500026793138, 11.336059290946029, 3.145168126703908, -20.0, -20.0, 13.187644667735526
-1.614556322205128, 1.9292490874364034, 1.5120504204866738, -12.298777269837487, 11.295118958474898, 2.7894469241964117, -20.0, -20.0, -20.0
-1.6207067544769163, 1.934886474583338, 1.513356265995769, -12.302951817315824, 11.254429629263312, 2.433935112183435, -20.0, -20.0, -20.0
-1.6268355839375586, 1.9404435093042178, 1.5147213812970588, -12.212366025253472, 10.973709254255342, 3.0265260929757773, -20.0, -20.0, 20.0
-1.6329434810279249, 1.945920805086052, 1.5161456267771967, -12.21922233621179, 10.935473873081277, 2.6704558275760064, -20.0, -20.0, -20.0
-1.639054891065659, 1.951379028241781, 1.5173918950578125, -12.226417814724686, 10.897418749835422, 2.3146172948869324, -20.0, -20.0, -20.0
-1.6451480437130426, 1.956762386972284, 1.5186828024268275, -12.146192774809771, 10.636016172176241, 2.849012181173599, -20.0, -20.0, 17.716426656370345
-1.6512235312554824, 1.9620714070491116, 1.520018249137913, -12.155757394949784, 10.600064135134184, 2.492774663168715, -20.0, -20.0, -20.0
-1.6573038733661014, 1.967362482066317, 1.5211756383518116, -12.165611047525989, 10.564235933686811, 2.1367821924251147, -20.0, -20.0, -20.0
-1.6633668964736945, 1.9725783022755228, 1.5223855884537474, -12.086481382846744, 10.299044903136815, 2.703018215318075, -20.0, -20.0, 19.229757502741904
-1.6694131637760603, 1.977719358629197, 1.5236480131183976, -12.098587826616356, 10.265180511560436, 2.346680443282918, -20.0, -20.0, -20.0
-1.6754655451483778, 1.9828435009836847, 1.5247323330857918, -12.110937662653132, 10.23138890638988, 1.9905994262938052, -20.0, -20.0, -20.0
-1.6815038800739246, 1.987898117451378, 1.5258520524267185, -12.042402039533792, 9.987076964383013, 2.4882779374128883, -20.0, -20.0, 16.456058123181663
-1.6875286605311597, 1.9928836229247084, 1.5270071171664428, -12.0567197894064, 9.954944928938856, 2.131981021483841, -20.0, -20.0, -20.0
-1.6935606509382635, 1.9978530708508837, 1.527984098470646, -12.071241839009168, 9.922846775762606, 1.7759441953292674, -20.0, -20.0, -20.0
-1.6995781927065114, 2.002749405997374, 1.52901639491103, -11.998925233982844, 9.662493810198912, 2.353241566206406, -20.0, -20.0, 20.0
-1.7055817753951483, 2.0075730386823816, 1.5301039508556877, -12.015405520564828, 9.632036929831584, 1.9969822124243994, -20.0, -20.0, -20.0
-1.7115936400338467, 2.012381441644029, 1.5310134436293394, -12.03205303422872, 9.601574916758157, 1.6409888821826466, -20.0, -20.0, -20.0
-1.7175925928729714, 2.0171182012242914, 1.5319774702275246, -11.963758322270218, 9.345463404292701, 2.215117510558028, -20.0, -20.0, 20.0
-1.7235790863875642, 2.02178368808521, 1.5329959901838002, -11.982215736100809, 9.316484039380702, 1.8589623145439655, -20.0, -20.0, -20.0
-1.7295748420980785, 2.026434675622924, 1.5338364997747274, -12.000807105956552, 9.287466111476268, 1.503076049164813, -20.0, -20.0, -20.0
-1.7355591232150174, 2.031015362872227, 1.5347308364535468, -11.936317361798748, 9.035282885735521, 2.0742706661130788, -20.0, -20.0, 20.0
-1.7415323480053095, 2.0355260849115613, 1.5356789725129465, -11.956581799369696, 9.00760527160207, 1.718273571485422, -20.0, -20.0, -20.0
-1.7475157310163658, 2.040022951358548, 1.5364491773148314, -11.97695024485499, 8.979860516345315, 1.3625456360545665, -20.0, -20.0, -20.0
-1.7534889841143666, 2.044450745468876, 1.5372725704125711, -11.916062147148311, 8.731315924966049, 1.9310267549041216, -20.0, -20.0, 20.0
-1.7594524939272949, 2.0488097703466943, 1.5381491346950298, -11.937977104564943, 8.70478358630821, 1.575230374930352, -20.0, -20.0, -20.0
-1.765426980462483, 2.0531555061818567, 1.5388478675397377, -11.959969036187157, 8.678159754340571, 1.2197010039013823, -20.0, -20.0, -20.0
-1.7713925955137058, 2.057433292390347, 1.5395992118005546, -11.902491168704639, 8.432985079621298, 1.7856760393666624, -20.0, -20.0, 20.0
-1.7773496963726927, 2.061643403309752, 1.5404031590130036, -11.925912267243051, 8.407458597997884, 1.4301128104291667, -20.0, -20.0, -20.0
-1.783314840055945, 2.0658305289011225, 1.5410725848011777, -11.934662465766735, 8.341043767484608, 1.2475903422667776, -20.0, -20.0, -12.484052048796912
-1.7892696418712228, 2.0699433048625764, 1.5418257611981792, -11.884544795344656, 8.110060078331252, 1.7651152457393642, -20.0, -20.0, 17.99560949011419
-1.7952181540075665, 2.0739922117492897, 1.5426194786550442, -11.909503750029764, 8.085567468522386, 1.4097545817212809, -20.0, -20.0, -20.0
-1.8011791526664422, 2.0780288379580067, 1.5432355819363028, -11.934490885473426, 8.060937366346092, 1.054658543313016, -20.0, -20.0, -20.0
-1.8071336408286574, 2.0819995577178623, 1.5439032680299984, -11.883461763387377, 7.821941673076014, 1.6160858314698383, -20.0, -20.0, 20.0
-1.8130819211787832, 2.085904591511085, 1.5446225450347073, -11.90965963711569, 7.798193499815604, 1.261022187365655, -20.0, -20.0, -20.0
-1.8190417295154624, 2.089793242563579, 1.5451835614194254, -11.929573709601309, 7.756410710158287, 0.9830433515061523, -20.0, -20.0, -16.64040163142775
-1.8249945040185154, 2.0936123899848544, 1.5458149339066871, -11.881524302610826, 7.52017897494445, 1.5424465975405997, -20.0, -20.0, 20.0
-1.830942119559737, 2.0973667251293198, 1.5464974601049155, -11.908937862276012, 7.497161602916389, 1.1876581953726206, -20.0, -20.0, -20.0
-1.8369029088109663, 2.101107982028737, 1.547009260535958, -11.934219142640538, 7.467865994752679, 0.8595435287969322, -20.0, -20.0, -18.841838864694694
-1.8428586948065013, 2.1047834817622224, 1.5475784201027687, -11.888924839499893, 7.234132939189433, 1.4170947384460564, -20.0, -20.0, 20.0
-1.8488102711983303, 2.1083949367132018, 1.5481983479735246, -11.917380727816148, 7.2116868647278425, 1.0626167445775787, -20.0, -20.0, -20.0
-1.8547712062079929, 2.111980924387302, 1.5487028889416974, -11.926359310834355, 7.1322638316726525, 0.9555471281135182, -20.0, -20.0, -9.141539523168348
-1.860729227867491, 2.115505259921542, 1.549249833084679, -11.905727327157944, 6.965078305287581, 1.232229443812184, -20.0, -20.0, 7.731515056088909
-1.8666894243918413, 2.1189822915990524, 1.5497774143231915, -11.935058770243291, 6.943048404753906, 0.8780955102378212, -20.0, -20.0, -20.0
-1.872649580134724, 2.122404744611703, 1.5503185099329801, -11.905564201287408, 6.746763645848675, 1.2862869289172343, -20.0, -20.0, 13.551110197781327
-1.8786098751043316, 2.1257727229450114, 1.5508731608625166, -11.93561567714337, 6.725149687385761, 0.9323167892288953, -20.0, -20.0, -20.0
-1.8845796375817199, 2.1291132722948105, 1.551323726780528, -11.943434232409974, 6.637047711810556, 0.8699468828167415, -20.0, -20.0, -7.154864454359313
-1.8905498028522822, 2.132399004268552, 1.55179079979458, -11.937226849839137, 6.505880183156186, 0.9983451733908989, -20.0, -20.0, 1.2640235659688415
-1.8965260835980073, 2.135646587310426, 1.5522015747445346, -11.967896133061366, 6.484451984339965, 0.6447546264276154, -20.0, -20.0, -20.0
-1.9025176826246712, 2.138883407316248, 1.5524356062333542, -11.998499973594683, 6.4628280389478485, 0.29137132885122524, -20.0, -20.0, -20.0
-1.9085245671030233, 2.1421093702631646, 1.5524929921382271, -12.029037939813575, 6.441023748718597, -0.06182770935931331, -20.0, -20.0, -20.0
-1.9145467039822996, 2.1453243898229286, 1.5523738188267326, -12.059509577291742, 6.419054490337336, -0.41486553661833286, -20.0, -20.0, -20.0
-1.9205840599781552, 2.1485283873492356, 1.552078161125627, -12.089914406130623, 6.396935614890809, -0.7677652678042699, -20.0, -20.0, -20.0
-1.9266366015592622, 2.1517212918648, 1.5516060822855835, -12.120251918297708, 6.3746824473676815, -1.120550092369317, -20.0, -20.0, -20.0
-1.93270429493258, 2.154903040048192, 1.5509576339418707, -12.15052157497334, 6.352310286199072, -1.473243282482287, -20.0, -20.0, -20.0
-1.9387871060272994, 2.1580735762204504, 1.5501328560709504, -12.180722803904748, 6.329834402834531, -1.8258682011989025, -20.0, -20.0, -20.0
-1.9448850004774672, 2.161232852331496, 1.5491317769429873, -12.210854996766079, 6.30727004134872, -2.178448310653539, -20.0, -20.0, -20.0
-1.9509979436032894, 2.164380827946352, 1.5479544130702574, -12.24091750652315, 6.284632418074038, -2.5310071802662173, -20.0, -20.0, -20.0
-1.9571259003911206, 2.167517470231184, 1.5466007691514512, -12.27090964480168, 6.261936721254462, -2.8835684949583804, -20.0, -20.0, -20.0
-1.9632688354721355, 2.1706427539391764, 1.545070838011869, -12.300830679257643, 6.2391981107158205, -3.2361560633706805, -20.0, -20.0, -20.0
-1.969426713099687, 2.1737566613962422, 1.5433646005395074, -12.330679830948426, 6.216431717547682, -3.588793826075669, -20.0, -20.0, -20.0
-1.9755994971253499, 2.1768591824865773, 1.541482025617044, -12.36045627170333, 6.193652643791973, -3.9415058637779024, -20.0, -20.0, -20.0
-1.9817871509736487, 2.1799503146380586, 1.5394230700497262, -12.390159121491928, 6.1708759621333735, -4.2943164054935545, -20.0, -20.0, -20.0
-1.9879896376154689, 2.1830300628074886, 1.5371876784891776, -12.419787445788703, 6.148116715586418, -4.64724983670118, -20.0, -20.0, -20.0
-1.994206919540149, 2.186098439465679, 1.5347757833531386, -12.449340252932222, 6.125389917174111, -5.0003307074547605, -20.0, -20.0, -20.0
-2.000438958726251, 2.1891554645823708, 1.5321873047411625, -12.478816491477088, 6.102710549592752, -5.353583740449638, -20.0, -20.0, -20.0
-2.006685716611005, 2.1922011656109834, 1.5294221503462921, -12.508215047536694, 6.080093564857458, -5.70703383903135, -20.0, -20.0, -20.0
-2.0129471540584176, 2.1952355774731784, 1.5264802153627501, -12.537534742114703, 6.057553883922737, -6.060706095136743, -20.0, -20.0, -20.0
-2.019223231326052, 2.198258742543227, 1.523361382389677, -12.566774328423017, 6.035106396272214, -6.414625797156071, -20.0, -20.0, -20.0
-2.0255139080304536, 2.201270710632163, 1.520065521330962, -12.59593248918384, 6.01276595947143, -6.768818437704061, -20.0, -20.0, -20.0
-2.031819143111228, 2.2042715389717, 1.5165924892912142, -12.62500783391323, 5.990547398677338, -7.123309721287114, -20.0, -20.0, -20.0
-2.038138894793752, 2.207261292197894, 1.5129421304679291, -12.6539988961834, 5.96846550609787, -7.478125571853023, -20.0, -20.0, -20.0
-2.044473120550513, 2.210240042334517, 1.5091142760399137, -12.682904130860752, 5.946535040394644, -7.833292140208636, -20.0, -20.0, -20.0
-2.0508217770610573, 2.213207868776121, 1.505108744052039, -12.711721911316516, 5.924770726021518, -8.18883581128998, -20.0, -20.0, -20.0
-2.057184820170538, 2.216164858270749, 1.5009253392963995, -12.740450526606516, 5.90318725249139, -8.544783211268301, -20.0, -20.0, -20.0
-2.0635622048468436, 2.2191111049022627, 1.4965638531899639, -12.769088178616471, 5.881799273563198, -8.901161214474415, -20.0, -20.0, -20.0
-2.06995388513629, 2.2220467100722385, 1.4920240636488147, -12.797632979168922, 5.8606214063406865, -9.25799695012256, -20.0, -20.0, -20.0
-2.076359814117854, 2.224971782481392, 1.4873057349590806, -12.826082947087638, 5.839668230274041, -9.615317808813726, -20.0, -20.0, -20.0
-2.08277994385593, 2.2278864381104744, 1.4824086176446778, -12.854436005215089, 5.818954286054987, -9.973151448797102, -20.0, -20.0, -20.0
-2.089214225351578, 2.230790800200587, 1.4773324483319867, -12.882689977378307, 5.798494074395448, -10.331525801966864, -20.0, -20.0, -20.0
-2.095662608492247, 2.233684999232856, 1.4720769496116026, -12.91084258529818, 5.778302054679261, -10.690469079570011, -20.0, -20.0, -20.0
-2.102125041999931, 2.2365691729073944, 1.4666418298973103, -12.938891445436889, 5.758392643475879, -11.050009777599392, -20.0, -20.0, -20.0
-2.108601473377735, 2.2394434661214895, 1.4610267832824493, -12.966834065777956, 5.738780212904289, -11.41017668184431, -20.0, -20.0, -20.0
-2.1150918488548127, 2.242308030946924, 1.4552314893938458, -12.99466784253303, 5.719479088834733, -11.77099887256932, -20.0, -20.0, -20.0
-2.1215961133296384, 2.2451630266063614, 1.449255613243506, -13.02239005676923, 5.700503548915052, -12.132505728789873, -20.0, -20.0, -20.0
-2.128114210311568, 2.248008619448692, 1.4430988050782807, -13.049997870950564, 5.681867820407681, -12.49472693211145, -20.0, -20.0, -20.0
-2.1346460818606525, 2.2508449829232493, 1.4367607002277287, -13.07748832538657, 5.663586077822496, -12.857692470096609, -20.0, -20.0, -20.0
-2.1411916685256442, 2.253672297552787, 1.4302409189504242, -13.104858334581081, 5.64567244032983, -13.221432639122096, -20.0, -20.0, -20.0
-2.147750909280158, 2.2564907509051038, 1.4235390662789722, -13.132104683473601, 5.628140968936998, -13.585978046685682, -20.0, -20.0, -20.0
-2.154323741456918, 2.2593005375631905, 1.4166547318640208, -13.159224023565494, 5.611005663410703, -13.951359613119825, -20.0, -20.0, -20.0
-2.1609101006800397, 2.2621018590937747, 1.4095874898175742, -13.186212868922867, 5.5942804589266, -14.317608572666485, -20.0, -20.0, -20.0
-2.1675099207952826, 2.2648949240141127, 1.4023368985559415, -13.213067592047658, 5.577979222426211, -14.684756473864484, -20.0, -20.0, -20.0
-2.1741231337981963, 2.2676799477568843, 1.3949025006426758, -13.239784419608148, 5.56211574866014, -15.052835179197759, -20.0, -20.0, -20.0
-2.1807496697601034, 2.270457152633023, 1.387283822631889, -13.266359428019793, 5.546703755895349, -15.42187686394955, -20.0, -20.0, -20.0
-2.1873894567518253, 2.2732267677923126, 1.3794803749123508, -13.292788538866931, 5.531756881262891, -15.791914014204147, -20.0, -20.0, -20.0
-2.194042420765081, 2.2759890291815585, 1.3714916515528162, -13.31906751415566, 5.517288675721121, -16.16297942393417, -20.0, -20.0, -20.0
-2.200708485631467, 2.2787441795001406, 1.3633171301490556, -13.345191951387855, 5.503312598607965, -16.535106191107538, -20.0, -20.0, -20.0
-2.2073875729389254, 2.2814924681527313, 1.3549562716730927, -13.371157278446033, 5.489842011754284, -16.9083277127442, -20.0, -20.0, -20.0
-2.2140796019456066, 2.284234151198952, 1.3464085203251945, -13.396958748278523, 5.476890173128777, -17.28267767884857, -20.0, -20.0, -20.0
-2.22078448949102, 2.2869694912997303, 1.3376733033891977, -13.422591433374166, 5.464470229983208, -17.658190065139003, -20.0, -20.0, -20.0
-2.227502149904367, 2.2896987576600925, 1.3287500310917901, -13.448050220015533, 5.452595211464992, -18.03489912449109, -20.0, -20.0, -20.0
-2.234232494909946, 2.2924222259681244, 1.3196380964664156, -13.473329802299528, 5.441278020662378, -18.41283937700666, -20.0, -20.0, -20.0
-2.240975433529499, 2.2951401783298016, 1.3103368752225102, -13.498424675914041, 5.430531426045593, -18.792045598615193, -20.0, -20.0, -20.0
-2.2477308719813927, 2.297852903199379, 1.300845725620829, -13.523329131659276, 5.420368052265359, -19.172552808109163, -20.0, -20.0, -20.0
-2.254498713576483, 2.3005606953050126, 1.2911639883556745, -13.548037248702276, 5.410800370268227, -19.55439625250914, -20.0, -20.0, -20.0
-2.261278858610547, 2.3032638555692513, 1.281290986444885, -13.572542887553212, 5.4018406866860795, -19.93761139064889, -20.0, -20.0, -20.0
-2.2680712042531233, 2.3059626910240367, 1.2712260251285066, -13.596839682752034, 5.3935011324550866, -20.322233874864718, -20.0, -20.0, -20.0
-2.274875644432625, 2.3086575147198047, 1.2609683917771235, -13.62092103525423, 5.385793650617231, -20.70829953066715, -20.0, -20.0, -20.0
-2.2816920697175647, 2.311348645628273, 1.25051735581089, -13.644780104504656, 5.3787299832553535, -21.095844334266875, -20.0, -20.0, -20.0
-2.288520367193738, 2.314036408538464, 1.2398721686303682, -13.668409800188678, 5.372321657510485, -21.484904387820297, -20.0, -20.0, -20.0
-2.295360420337198, 2.316721133945499, 1.2290320635603498, -13.691802773650279, 5.366579970628, -21.87551589225367, -20.0, -20.0, -20.0
-2.3022121088828524, 2.3194031579316503, 1.217996255807907, -13.714951408967284, 5.361515973976977, -22.267715117518023, -20.0, -20.0, -20.0
-2.309075308688513, 2.3220828220391407, 1.2067639424359973, -13.737847813674481, 5.357140455984959, -22.661538370120507, -20.0, -20.0, -20.0
-2.315949891594213, 2.324760473134119, 1.1953343023540244, -13.760483809126164, 5.353463923928221, -23.05702195777106, -20.0, -20.0, -20.0
-2.322835725276617, 2.32743646326123, 1.1837064963268373, -13.782850920490567, 5.35049658451561, -23.454202150976773, -20.0, -20.0, -20.0
-2.329732673098332, 2.3301111494881592, 1.1718796670037408, -13.804940366369692, 5.34824832320213, -23.853115141409802, -20.0, -20.0, -20.0
-2.3366405939519344, 2.3327848937395013, 1.1598529389691712, -13.826743048039312, 5.3467286821666296, -24.25379699686842, -20.0, -20.0, -20.0
-2.3435593420985206, 2.3354580626192645, 1.147625418816793, -13.84824953830539, 5.3459468368864105, -24.65628361264489, -20.0, -20.0, -20.0
-2.3504887670005905, 2.338131027221296, 1.1351961952488547, -13.869450069974809, 5.3459115712401735, -25.060610659108278, -20.0, -20.0, -20.0
-2.357428713149069, 2.3408041629268737, 1.1225643392027513, -13.89033452394022, 5.346631251069668, -25.46681352530526, -20.0, -20.0, -20.0
-2.3643790198842747, 2.3434778491886736, 1.1097289040068306, -13.910892416881016, 5.348113796129646, -25.87492725837774, -20.0, -20.0, -20.0
-2.371339521210641, 2.346152469300295, 1.096688925567588, -13.931112888584844, 5.350366650355403, -26.284986498592467, -20.0, -20.0, -20.0
-2.3783100456050117, 2.348828410150478, 1.083443422590496, -13.950984688896877, 5.353396750377287, -26.697025409775446, -20.0, -20.0, -20.0
-2.3852904158183126, 2.3515060619611257, 1.0699913968368167, -13.970496164307098, 5.35721049221229, -27.11107760494252, -20.0, -20.0, -20.0
-2.3922804486704368, 2.3541858180081947, 1.0563318334188516, -13.989635244189348, 5.361813696064118, -27.527176066917804, -20.0, -20.0, -20.0
-2.3992799548381614, 2.356868074324502, 1.0424637011361888, -14.008389426709664, 5.367211569165221, -27.94535306373334, -20.0, -20.0, -20.0
-2.4062887386359453, 2.3595532293834425, 1.0283859528556036, -14.026745764425682, 5.373408666597178, -28.365640058607223, -20.0, -20.0, -20.0
-2.4133065977894526, 2.362241683762599, 1.014097525937376, -14.044690849603523, 5.380408850029708, -28.788067614303543, -20.0, -20.0, -20.0
-2.420333323201674, 2.3649338397861874, 0.9995973427108785, -14.062210799283683, 5.38821524432352, -29.21266529168615, -20.0, -20.0, -20.0
-2.427368698711528, 2.3676301011452554, 0.9848843110023845, -14.079291240133038, 5.39683019194843, -29.639461542289975, -20.0, -20.0, -20.0
-2.434412500844843, 2.3703308724945362, 0.9699573247181248, -14.095917293126139, 5.406255205175701, -30.06848359474875, -20.0, -20.0, -20.0
-2.441464498557651, 2.3730365590248335, 0.9548152644857034, -14.112073558105541, 5.416490916012684, -30.499757334936856, -20.0, -20.0, -20.0
-2.448524452971747, 2.3757475660098013, 0.9394569983570427, -14.127744098278074, 5.42753702385857, -30.93330717970633, -20.0, -20.0, -20.0
-2.4555921171024946, 2.378464298325984, 0.9238813825760841, -14.142912424711508, 5.439392240872739, -31.369155944127993, -20.0, -20.0, -20.0
-2.4626672355788983, 2.3811871599449677, 0.9080872624145073, -14.15756148090434, 5.452054235061852, -31.80732470217914, -20.0, -20.0, -20.0
-2.469749544356002, 2.38391655339651, 0.8920734730787477, -14.171673627510028, 5.465519571108746, -32.24783264085941, -20.0, -20.0, -20.0
-2.4768387704197057, 2.3866528792015336, 0.8758388406915923, -14.185230627306268, 5.479783648985491, -32.690696907762096, -20.0, -20.0, -20.0
-2.4839346314841597, 2.3893965352738835, 0.8593821833516065, -14.198213630509539, 5.4948406404149, -33.13593245218109, -20.0, -20.0, -20.0
-2.4910368356819235, 2.3921479162898045, 0.8427023122735878, -14.21060316054526, 5.5106834232694, -33.583551859893646, -20.0, -20.0, -20.0
-2.4981450812471584, 2.3949074130241277, 0.8257980330131574, -14.2223791003944, 5.527303514023843, -34.0335651818281, -20.0, -20.0, -20.0
-2.505259056192169, 2.397675411652236, 0.8086681467784747, -14.23352067964813, 5.5446909984094495, -34.485979756902644, -20.0, -20.0, -20.0
-2.5123784379776843, 2.4004522930169507, 0.791311451831897, -14.24400646241307, 5.5628344604500155, -34.940800029408, -20.0, -20.0, -20.0
-2.519502893177343, 2.403238431859588, 0.7737267449841942, -14.253814336220756, 5.581720910098689, -35.3980273614031, -20.0, -20.0, -20.0
-2.5266320771369246, 2.4060341960145464, 0.7559128231836687, -14.262921502105838, 5.60133570973415, -35.85765984069921, -20.0, -20.0, -20.0
-2.533765633628958, 2.4088399455669345, 0.7378684852022127, -14.271304466028273, 5.6216624998189655, -36.31969208512485, -20.0, -20.0, -20.0
-2.5409031945034215, 2.411656031972907, 0.7195925334199588, -14.278939031824901, 5.642683124070026, -36.78411504389094, -20.0, -20.0, -20.0
-2.548044379335349, 2.4144827971425595, 0.7010837757097326, -14.285800295885352, 5.66437755454138, -37.250915797013676, -20.0, -20.0, -20.0
-2.555188795070259, 2.417320572485463, 0.6823410274220041, -14.291862643755573, 5.686723817072988, -37.72007735390014, -20.0, -20.0, -20.0
-2.562336035668418, 2.420169677919135, 0.6633631134704391, -14.297099748879488, 5.709697917614836, -38.1915784523598, -20.0, -20.0, -20.0
-2.569485681749062, 2.4230304208410374, 0.6441488705174814, -14.301484573694577, 5.733273769993817, -38.665393359471246, -20.0, -20.0, -20.0
-2.5766373002358107, 2.4259030950649736, 0.6246971492586366, -14.30498937330054, 5.7574231257503685, -39.14149167590799, -20.0, -20.0, -20.0
-2.583790444004616, 2.4287879797230945, 0.6050068168032827, -14.307585701920834, 5.782115506732229, -39.61983814550779, -20.0, -20.0, -20.0
-2.59094465153569, 2.431685338135076, 0.5850767591488921, -14.309244422374604, 5.8073181411929555, -40.10039247205457, -20.0, -20.0, -20.0
-2.5980994465709766, 2.4345954166464248, 0.5649058837445212, -14.309935718770598, 5.832995904202007, -40.58310914542903, -20.0, -20.0, -20.0
-2.6052543377788253, 2.437518443438283, 0.5444931221382966, -14.309629112624709, 5.859111263229895, -41.06793727946937, -20.0, -20.0, -20.0
-2.6124088184276286, 2.4404546273115466, 0.523837432702413, -14.308293482588153, 5.885624229824778, -41.55482046406494, -20.0, -20.0, -20.0
-2.619562366070264, 2.443404156448589, 0.5029378034278523, -14.305897087953506, 5.912492318344202, -42.04369663417786, -20.0, -20.0, -20.0
-2.6267144422412727, 2.4463671971563614, 0.481793254779646, -14.302407596080243, 5.939670512745762, -42.53449795864742, -20.0, -20.0, -20.0
-2.633864492168755, 2.4493438925951656, 0.46040284260204095, -14.297792113849685, 5.967111242471129, -43.02715075177293, -20.0, -20.0, -20.0
-2.6410119445030227, 2.4523343614979027, 0.4387656610614006, -14.292017223220666, 5.994764368477221, -43.521575410788536, -20.0, -20.0, -20.0
-2.6481562110640557, 2.4553386968851405, 0.41688084561309574, -14.285049020911698, 6.0225771804738715, -44.01768638243075, -20.0, -20.0, -20.0
-2.6552966866098293, 2.458356964781863, 0.39474757597702526, -14.276853162182269, 6.050494406416973, -44.51539216185123, -20.0, -20.0, -20.0
-2.6624327486275314, 2.4613892029422866, 0.37236507910477845, -14.26739490862536, 6.078458235277408, -45.014595327136036, -20.0, -20.0, -20.0
-2.6695637571496413, 2.4644354195896203, 0.3497326321198313, -14.256639179814949, 6.106408354056884, -45.51519261265248, -20.0, -20.0, -20.0
-2.6766890545967392, 2.467495592178122, 0.326849565210581, -14.244550608576596, 6.134281999949913, -46.017075024348685, -20.0, -20.0, -20.0
-2.683807965648775, 2.4705696661852232, 0.30371526445450037, -14.231093599566355, 6.162014028454883, -46.520127999973894, -20.0, -20.0, -20.0
-2.690919797146355, 2.4736575539418655, 0.280329174550266, -14.21623239075393, 6.189536998114856, -47.024231616963576, -20.0, -20.0, -20.0
-2.6980238380233716, 2.476759133509499, 0.25669080143341544, -14.19993111731101, 6.216781272419338, -47.529260850438746, -20.0, -20.0, -20.0
-2.7051193592720257, 2.479874247612409, 0.23279971474995564, -14.18215387730611, 6.2436751392214465, -48.035085883400406, -20.0, -20.0, -20.0
-2.7122056139409785, 2.4830027026341694, 0.2086555501614164, -14.162864798504517, 6.270144947820705, -48.541572470756535, -20.0, -20.0, -20.0
-2.7192818371669714, 2.4861442676870324, 0.1842580114541519, -14.142028105467595, 6.296115263631224, -49.048582358301424, -20.0, -20.0, -20.0
-2.7263472462398486, 2.489298673762965, 0.15960687242528207, -14.119608186041718, 6.321509040100116, -49.55597375717795, -20.0, -20.0, -20.0
-2.7334010407004152, 2.492465612974806, 0.1347019785175629, -14.095569656225482, 6.346247807264432, -50.06360187369865, -20.0, -20.0, -20.0
-2.7404424024700482, 2.4956447378956326, 0.10954324817571606, -14.069877422306957, 6.3702518760405535, -50.5713194936887, -20.0, -20.0, -20.0
-2.747470496010393, 2.4988356610039006, 0.08413067389735526, -14.042496739072801, 6.393440557032488, -51.07897761975451, -20.0, -20.0, -20.0
-2.754484468510864, 2.5020379542412416, 0.05846432295264438, -14.013393262810553, 6.415732392330731, -51.58642615908901, -20.0, -20.0, -20.0
-2.761483450101006, 2.505251148688939, 0.032544337748218376, -13.982533097756644, 6.4370453984577, -52.09351465861501, -20.0, -20.0, -20.0
-2.768466554084092, 2.50847473436813, 0.006370935812699555, -13.949882834587708, 6.457297318306547, -52.60009308346027, -20.0, -20.0, -20.0
-2.7754328771876176, 2.511708160167613, -0.020055590616658587, -13.915409579513591, 6.476405879625119, -53.106012633972284, -20.0, -20.0, -20.0
-2.782381499825623, 2.5149508339018505, -0.0467348754240864, -13.879080972508424, 6.494289057324025, -53.61112659573899, -20.0, -20.0, -20.0
-2.7893114863670534, 2.518202122500343, -0.073666479877123, -13.840865193212371, 6.510865336645125, -54.11529121640743, -20.0, -20.0, -20.0
-2.7962218854036194, 2.5214613523280094, -0.10084989433185157, -13.800730953051408, 6.526053974022031, -54.61836660250682, -20.0, -20.0, -20.0
-2.8031117300099213, 2.524727809634591, -0.12828454038973036, -13.758647472155559, 6.53977525230433, -55.12021762900839, -20.0, -20.0, -20.0
-2.809980037987887, 2.528000741129394, -0.15596977351048535, -13.714584439706302, 6.5519507269082755, -55.62071485401153, -20.0, -20.0, -20.0
-2.816825812086916, 2.5312793546759718, -0.1839048860816759, -13.668511956409553, 6.5625034594033185, -56.119735430750715, -20.0, -20.0, -20.0
-2.8236480401904855, 2.534562820099585, -0.21208911094163485, -13.620400457869039, 6.571358235049111, -56.61716400908505, -20.0, -20.0, -20.0
-2.8304456954593835, 2.537850270098563, -0.24052162534859892, -13.570220617722606, 6.5784417608628525, -57.11289361877121, -20.0, -20.0, -20.0
-2.8372177364211884, 2.541140801249009, -0.2692015553850757, -13.517943229496908, 6.583682840921222, -57.60682652713583, -20.0, -20.0, -20.0
-2.84396310699512, 2.5444334750906847, -0.2981279807829234, -13.463539066229055, 6.587012525781895, -58.09887506425519, -20.0, -20.0, -20.0
-2.8506807364409252, 2.5477273192804155, -0.3272999401513404, -13.406978716992025, 6.588364233141829, -58.58896240941269, -20.0, -20.0, -20.0
-2.8573695392200578, 2.5510213287979826, -0.35671643658705054, -13.348232399537853, 6.587673837126275, -59.077023333427825, -20.0, -20.0, -20.0
-2.8640284147570254, 2.554314467188243, -0.38637644364351226, -13.287269748333044, 6.584879723915117, -59.56300489241898, -20.0, -20.0, -20.0
-2.870656247088433, 2.5576056678221595, -0.41627891163403136, -13.224059577297828, 6.579922811751535, -60.04686706965743, -20.0, -20.0, -20.0
-2.8772519043869, 2.56089383515853, -0.44642277424228793, -13.158569616568697, 6.572746533730642, -60.528583363368895, -20.0, -20.0, -20.0
-2.883814238346686, 2.564177845987493, -0.47680695541303453, -13.090766222575867, 6.563296782120603, -61.00814131961749, -20.0, -20.0, -20.0
-2.8903420834174947, 2.567456550636351, -0.5074303764956237, -13.020614060658074, 6.55152181331305, -61.485543010739214, -20.0, -20.0, -20.0
-2.896834255872489, 2.570728774117885, -0.5382919636135967, -12.948075759320444, 6.537372112820832, -61.96080546115262, -20.0, -20.0, -20.0
-2.903289552696087, 2.5739933172010967, -0.5693906552348196, -12.873111535071907, 6.5208002200270085, -62.43396102373888, -20.0, -20.0, -20.0
-2.909706750276493, 2.5772489573842603, -0.6007254099185867, -12.795678786551088, 6.501760512627846, -62.90505771132965, -20.0, -20.0, -20.0
-2.9160846028872203, 2.5804944497501405, -0.6322952142187068, -12.715731656358864, 6.480208950893902, -63.37415948915089, -20.0, -20.0, -20.0
-2.922421840940974, 2.583728527683361, -0.6640990907248269, -12.633220558656415, 6.456102781987413, -63.84134653532949, -20.0, -20.0, -20.0
-2.9287171689981766, 2.586949903430011, -0.6961361062281011, -12.548091670154248, 6.429400204612948, -64.30671547776707, -20.0, -20.0, -20.0
-2.934969263511116, 2.590157268479723, -0.7284053800017475, -12.460286381604256, 6.4000599942344, -64.77037961681866, -20.0, -20.0, -20.0
-2.9411767702830938, 2.593349293750521, -0.760906092192023, -12.369740706306851, 6.368041088958937, -65.23246914428333, -20.0, -20.0, -20.0
-2.947338301620033, 2.5965246295567512, -0.7936374923206507, -12.276384641450603, 6.333302135962223, -65.69313137022753, -20.0, -20.0, -20.0
-2.953452433149722, 2.599681905340243, -0.8265989079057405, -12.180141477303552, 6.295800998004599, -66.15253097013165, -20.0, -20.0, -20.0
-2.9595177002811384, 2.6028197291445343, -0.8597897532147225, -12.080927048362325, 6.255494219160575, -66.61085026579607, -20.0, -20.0, -20.0
-2.96553259427311, 2.605936686811412, -0.8932095381697682, -11.978648919524048, 6.212336448349498, -67.06828955438687, -20.0, -20.0, -20.0
-2.9714955578777813, 2.6090313408781514, -0.9268578774336081, -11.873205499160928, 6.16627981860855, -67.525067500973, -20.0, -20.0, -20.0
-2.977404980519979, 2.6121022291526246, -0.9607344997115861, -11.764485069629114, 6.117273279284059, -67.9814216109388, -20.0, -20.0, -20.0
-2.9832591929684384, 2.615147862941802, -0.994839257314267, -11.65236472420949, 6.065261877425788, -68.43760879978512, -20.0, -20.0, -20.0
-2.9890564614489237, 2.6181667249070686, -1.0291721360339885, -11.536709197731852, 6.010185983641607, -68.89390607910049, -20.0, -20.0, -20.0
-2.994794981142393, 2.621157266517103, -1.063733265398497, -11.417369576144564, 5.951980456494382, -69.35061137893362, -20.0, -20.0, -20.0
-3.0004728690034352, 2.6241179050657726, -1.0985229293753498, -11.294181868024145, 5.890573738183954, -69.80804452847757, -20.0, -20.0, -20.0
-3.00608815582505, 2.6270470202185026, -1.1335415776122018, -11.166965418433543, 5.8258868727363735, -70.26654841893057, -20.0, -20.0, -20.0
-3.011638777465306, 2.629942950045736, -1.1687898373106043, -11.035521142590314, 5.757832436198538, -70.72649037467922, -20.0, -20.0, -20.0
-3.017122565139316, 2.632803986496382, -1.2042685258446741, -10.899629553450188, 5.686313366384513, -71.18826376160003, -20.0, -20.0, -20.0
-3.0225372346660535, 2.6356283702573564, -1.2399786642511592, -10.759048553499891, 5.611221677513146, -71.65228986433988, -20.0, -20.0, -20.0
-3.0278803745436136, 2.6384142849373813, -1.2759214917342299, -10.61351095674115, 5.53243704258719, -72.11902006794269, -20.0, -20.0, -20.0
-3.033149432708299, 2.6411598505039193, -1.312098481347004, -10.462721701999817, 5.449825223565693, -72.5889383831543, -20.0, -20.0, -20.0
-3.038341701812122, 2.643863115891374, -1.3485113570325777, -10.30635471329329, 5.3632363262533325, -73.06256435914047, -20.0, -20.0, -20.0
-3.043454302829709, 2.6465220506862783, -1.3851621122303948, -10.144049357053541, 5.2725028533649105, -73.5404564321277, -20.0, -20.0, -20.0
-3.0484841667788745, 2.649134535780979, -1.4220530302792957, -9.97540643960875, 5.1774375254365275, -74.02321576347634, -20.0, -20.0, -20.0
-3.0534280143091883, 2.651698352871139, -1.4591867068765776, -9.79998368164697, 5.077830835204383, -74.5114906256509, -20.0, -20.0, -20.0
-3.058282332879537, 2.654211172654161, -1.4965660748827414, -9.61729059974741, 4.97344829688345, -75.00598139900477, -20.0, -20.0, -20.0
-3.063043351209233, 2.6566705415653034, -1.5341944317938674, -9.426782719037288, 4.864027347686839, -75.50744624549911, -20.0, -20.0, -20.0
-3.0677070106481317, 2.6590738668660605, -1.572075470236803, -9.227855036556056, 4.749273855341061, -76.01670752624311, -20.0, -20.0, -20.0
-3.072268933070645, 2.6614183998756333, -1.610213311874923, -9.01983465349685, 4.628858182950358, -76.53465902623648, -20.0, -20.0, -20.0
-3.0767243848586507, 2.66370121711198, -1.6486125451412548, -8.801972498526906, 4.502410762436792, -77.06227403909108, -20.0, -20.0, -20.0
-3.08106823650267, 2.665919199085503, -1.6872782672366593, -8.573434077551, 4.369517131655014, -77.60061434252748, -20.0, -20.0, -20.0
-3.0852949173253617, 2.668069006468624, -1.7262161308362038, -8.33328921321554, 4.2297124008291895, -78.15084005565079, -20.0, -20.0, -20.0
-3.089398364825839, 2.670147053352654, -1.765432395925572, -8.080500788694128, 4.082475135290483, -78.71422030182222, -20.0, -20.0, -20.0
-3.0933719681724217, 2.672149477306434, -1.80493398712408, -7.8139125976375094, 3.9272206798293574, -79.29214449220922, -20.0, -20.0, -20.0
-3.097208505457968, 2.6740721059800494, -1.8447285567156706, -7.532236544548926, 3.763294014632067, -79.88613387415343, -20.0, -20.0, -20.0
-3.1009000745103337, 2.6759104200680803, -1.8848245533656047, -7.234039664912697, 3.5899623374907796, -80.49785272558327, -20.0, -20.0, -20.0
-3.104438017372014, 2.6776595125853744, -1.9252312960919433, -6.917731781808342, 3.406407731686106, -81.12911817977115, -20.0, -20.0, -20.0
-3.10781283910269, 2.679314044651251, -1.9659590524058868, -6.581555140896271, 3.2117205318205144, -81.78190707600274, -20.0, -20.0, -20.0
-3.1110141224236902, 2.680868198379054, -2.0070191185186466, -6.223578143105371, 3.00489437939097, -82.45835737503646, -20.0, -20.0, -20.0
-3.1140304410640676, 2.682315628102815, -2.048423897977411, -5.841696418403195, 2.7848245156531686, -83.16076046002257, -20.0, -20.0, -20.0
-3.116849276684047, 2.683649412144077, -2.090186972833209, -5.433646061514631, 2.550311649394853, -83.89153896316925, -20.0, -20.0, -20.0
-3.11945694719322, 2.6848620087605766, -2.1323231582087936, -4.997035975177233, 2.3000748166037717, -84.65320253916803, -20.0, -20.0, -20.0
-3.121838558426188, 2.6859452219747397, -2.174848526660346, -4.529408956694219, 2.0327780400490183, -85.44827126704122, -20.0, -20.0, -20.0
-3.1239779967235015, 2.6868901857913197, -2.217780382817007, -4.028344232560377, 1.7470772262709926, -86.27915335960301, -20.0, -20.0, -20.0
-3.125857987023993, 2.6876873789280102, -2.2611371614915265, -3.4916169694062233, 1.441695320490753, -87.14796133847527, -20.0, -20.0, -20.0
-3.1274602491282226, 2.688326686407416, -2.3049382144245727, -2.917431447511862, 1.1155345971310289, -88.05625039371003, -20.0, -20.0, -20.0
-3.128765792350616, 2.6887975285062784, -2.349203443811227, -2.304741442061656, 0.7678337983187548, -89.00466715290678, -20.0, -20.0, -20.0
-3.129755392682552, 2.689089080107797, -2.3939527382900083, -1.6536598856833558, 0.3983726077556685, -89.9925107622183, -20.0, -20.0, -20.0
-3.130410291509024, 2.6891906018136074, -2.439205174893271, -0.9659354202044067, 0.0077142154859913825, -91.01723565083181, -20.0, -20.0, -20.0
-3.1307131337493437, 2.6890918946173814, -2.4849779759102413, -0.2454335410738553, -0.4025430003904401, -92.07396841705079, -20.0, -20.0, -20.0
-3.130649119667482, 2.688783869096012, -2.5312852587370336, 0.5014898685202193, -0.8295590850871178, -93.15516289011778, -20.0, -20.0, -20.0
-3.1302072784693076, 2.688259187450541, -2.5781366882752, 1.2658749241783087, -1.269167496797115, -94.25055526254881, -20.0, -20.0, -20.0
-3.129381696595954, 2.6875128984575447, -2.6255362193172225, 2.0364525692357134, -1.7159884751869543, -95.34756890554138, -20.0, -20.0, -20.0
-3.12817247916895, 2.686542955995964, -2.673481167798045, 2.800417138780178, -2.1637813711356273, -96.43222501774936, -20.0, -20.0, -20.0
-3.126586226080337, 2.685350509888987, -2.7219618365204394, 3.544595215670705, -2.606003056770703, -97.49044987182873, -20.0, -20.0, -20.0
-3.124635885116671, 2.68393989458661, -2.7709618245779337, 4.25676863899328, -3.0364581527369707, -98.50950235814884, -20.0, -20.0, -20.0
-3.1223399850149463, 2.6823183090988185, -2.820458994087223, 4.9268317679056794, -3.449883798429356, -99.47917567900954, -20.0, -20.0, -20.0
-3.119721396535927, 2.6804952541793368, -2.8704269144094456, 5.54752214817158, -3.842335879497255, -100.39250560988118, -20.0, -20.0, -20.0
-3.1168058596266213, 2.678481840036699, -2.9208365158771423, 6.114625489051317, -4.21132069105378, -101.2459002609052, -20.0, -20.0, -20.0
-3.113620521697648, 2.6762900847531026, -2.9716576880574403, 6.626726226841952, -4.555700443331219, -102.03878846028701, -20.0, -20.0, -20.0
-3.1101926714532153, 2.673932296451018, -3.022860631048173, 7.084674750887441, -4.875452765007374, -102.77298350264302, -20.0, -20.0, -20.0
-3.106548764407173, 2.6714205900745416, -3.0744168673979173, 7.490953433280605, -5.171372740898556, -103.45196189633491, -20.0, -20.0, -20.0
-3.1027137568495813, 2.6687665506296856, -3.1262999078585008, 7.84907679708704, -5.4447850385261525, -104.08019994599908, -20.0, -20.0, -20.0
-3.0987107130400187, 2.6659810284429066, -3.178485618010958, 8.163098441162708, -5.697303708589629, -104.66264066383103, -20.0, -20.0, -20.0
-3.094560626903545, 2.663074039498438, -3.230952355228572, 8.43724610473222, -5.930652069285421, -105.20430820662412, -20.0, -20.0, -20.0
-3.0902823965666424, 2.6600547416214755, -3.283680945989318, 8.67567524287803, -6.146539438563642, -105.71005483635857, -20.0, -20.0, -20.0
-3.0858928982584026, 2.6569314606737033, -3.3366545627904114, 8.882317990080395, -6.34658435252415, -106.18441236801586, -20.0, -20.0, -20.0
-3.081407118246204, 2.6537117465006657, -3.389858545592251, 9.060802058713838, -6.532272339625726, -106.63151883934279, -20.0, -20.0, -20.0
-3.076838313410137, 2.6504024440228844, -3.443280199166181, 9.21441728555496, -6.704937571499847, -107.05509545637662, -20.0, -20.0, -20.0
-3.072198180959509, 2.647009769639409, -3.496908586729402, 9.346112516957465, -6.865759962403237, -107.45845479650706, -20.0, -20.0, -20.0
-3.0674970252306255, 2.643539386755503, -3.550734332132537, 9.45851039857638, -7.01577157322096, -107.84452681603227, -20.0, -20.0, -20.0
-3.0627439147189874, 2.639996476839268, -3.6047494372569986, 9.553931647976265, -7.1558680917181565, -108.21589368181498, -20.0, -20.0, -20.0
-3.057946825959187, 2.6363858041625146, -3.6589471176116417, 9.634423391224503, -7.286822615295499, -108.5748277367569, -20.0, -20.0, -20.0
-3.053112773047353, 2.6327117735087655, -3.7133216568431964, 9.701788256111692, -7.409299999700841, -108.92332918946234, -20.0, -20.0, -20.0
-3.048247922900314, 2.628978480822676, -3.7678682795479266, 9.757612332043754, -7.523870744657645, -109.26316162945889, -20.0, -20.0, -20.0
-3.0433576970620204, 2.6251897571731417, -3.8225830410632593, 9.803291021129775, -7.631023853479309, -109.59588443187202, -20.0, -20.0, -20.0
-3.0384468612136746, 2.6213492066093993, -3.877462732597414, 9.840052372254334, -7.731178401491177, -109.92288170474515, -20.0, -20.0, -20.0
-3.033519603664111, 2.6174602385759376, -3.932504799967663, 9.868977825999387, -7.824693732355727, -110.24538777625227, -20.0, -20.0, -20.0
-3.028579604086338, 2.613526095565068, -3.987707274263397, 9.891020485093073, -7.9118783111219475, -110.56450940668373, -20.0, -20.0, -20.0
-3.0236300936854703, 2.6095498766561396, -4.043068712865258, 9.907021118376703, -7.992997324592162, -110.88124500075871, -20.0, -20.0, -20.0
-3.018673907870121, 2.605534557537213, -4.098588149397508, 9.917722143020804, -8.068279151115014, -111.19650112824078, -20.0, -20.0, -20.0
-3.0137135323759248, 2.601483007540752, -4.154265051344472, 9.923779833763904, -8.137920834727813, -111.51110665961593, -20.0, -20.0, -20.0
-3.008751143668889, 2.5973980041570375, -4.210099284210384, 9.925774994379637, -8.202092700130981, -111.82582480402915, -20.0, -20.0, -20.0
-3.0037886443441244, 2.593282245421996, -4.266091081238401, 9.924222304677901, -8.260942240035394, -112.14136330804044, -20.0, -20.0, -20.0
-2.9988276941350485, 2.5891383605124885, -4.3222410178257915, 9.919578531625133, -8.314597397995218, -112.45838304152223, -20.0, -20.0, -20.0
-2.993869737059959, 2.584968918823033, -4.378549989877242, 9.912249768733234, -8.363169359825363, -112.77750516428102, -20.0, -20.0, -20.0
-2.9889160251564464, 2.580776437744004, -4.435019195427167, 9.902597845317857, -8.406754956290873, -113.09931703542031, -20.0, -20.0, -20.0
-2.9839676391883048, 2.576563389312514, -4.491650118935499, 9.890946027248114, -8.445438769668993, -113.42437699790376, -20.0, -20.0, -20.0
-2.9790255066531066, 2.572332205863237, -4.548444517720873, 9.87758411354472, -8.47929502743972, -113.75321814359432, -20.0, -20.0, -20.0
-2.974090417370102, 2.5680852847668865, -4.605404410041615, 9.862773018473636, -8.508389357961384, -114.08635113937211, -20.0, -20.0, -20.0
-2.9691630368864046, 2.5638249923085006, -4.662532064369664, 9.8467489163158, -8.532780475582967, -114.42426617282484, -20.0, -20.0, -20.0
-2.9642439179034774, 2.5595536667255643, -4.719829989427002, 9.829727015393036, -8.55252185616244, -114.76743405652815, -20.0, -20.0, -20.0
-2.959333509894928, 2.5552736203969673, -4.777300924569444, 9.811905018803571, -8.567663458225269, -115.11630651324181, -20.0, -20.0, -20.0
-2.954432167059905, 2.550987141147475, -4.834947830110437, 9.793466321287228, -8.578253539742906, -115.47131565072888, -20.0, -20.0, -20.0
-2.9495401547334974, 2.5466964926086937, -4.892773877179323, 9.774582984344244, -8.584340615382894, -115.83287262481588, -20.0, -20.0, -20.0
-2.9446576543561993, 2.5424039135564374, -4.950782436706381, 9.755418524847725, -8.585975593642054, -116.20136548341299, -20.0, -20.0, -20.0
-2.9397847670885806, 2.5381116161262756, -5.0089770671230776, 9.736130545627484, -8.583214127004755, -116.57715618337424, -20.0, -20.0, -20.0
-2.9349215161447706, 2.5338217827943783, -5.067361500363265, 9.7168732296134, -8.57611920058468, -116.96057677737369, -20.0, -20.0, -20.0
-2.930067847909389, 2.529536562000487, -5.125939625752769, 9.69779971191187, -8.564763974981254, -117.35192478064594, -20.0, -20.0, -20.0
-2.9252236318972806, 2.525258062285072, -5.1847154713851324, 9.67906433652152, -8.549234886676672, -117.75145774880538, -20.0, -20.0, -20.0
-2.92038865961409, 2.5209883448149926, -5.24369318260465, 9.660824796240853, -8.529634993641578, -118.15938712926437, -20.0, -20.0, -20.0
-2.915562642378586, 2.5167294141829606, -5.302876997259709, 9.64324414577535, -8.506087534485903, -118.57587149097117, -20.0, -20.0, -20.0
-2.910745208174798, 2.5124832073877528, -5.362271217455108, 9.626492669375061, -8.478739646345797, -119.00100929062454, -20.0, -20.0, -20.0
-2.905935897613457, 2.5082515809361574, -5.421880177627149, 9.610749575989546, -8.447766160035576, -119.4348313975418, -20.0, -20.0, -20.0
-2.9011341590975563, 2.504036296055717, -5.4817082088944975, 9.596204487611839, -8.41337336172677, -119.87729367185275, -20.0, -20.0, -20.0
-2.89633934330537, 2.4998390020702255, -5.541759599804377, 9.583058681132867, -8.37580258023964, -120.32826996766426, -20.0, -20.0, -20.0
-2.89155069712464, 2.495661218067529, -5.602038553798304, 9.571526041787997, -8.335333430546392, -120.7875460080473, -20.0, -20.0, -20.0
-2.886767357192088, 2.491504313079689, -5.662549143961205, 9.561833688418576, -8.292286520814953, -121.25481464355526, -20.0, -20.0, -20.0
-2.8819883432103492, 2.487369485095343, -5.723295265884558, 9.554222238538154, -8.247025416567912, -121.72967304985607, -20.0, -20.0, -20.0
-2.877212551226818, 2.483257739327203, -5.784280589754807, 9.548945695586138, -8.199957655993376, -122.21162243113933, -20.0, -20.0, -20.0
-2.872438747062357, 2.4791698662558073, -5.84550851305328, 9.54627096225744, -8.151534629590246, -122.70007076275164, -20.0, -20.0, -20.0
-2.8676655600687657, 2.475106420053777, -5.906982115498962, 9.546477012108728, -8.102250178531396, -123.1943390199778, -20.0, -20.0, -20.0
-2.86289147736938, 2.471067698051475, -5.9687041180529326, 9.549853785435323, -8.052637830676122, -123.69367119590628, -20.0, -20.0, -20.0
-2.858114838694956, 2.467053721923966, -6.030676847905178, 9.556700912258641, -8.003266679359344, -124.19724821307564, -20.0, -20.0, -20.0
-2.853333831866453, 2.4630642212509586, -6.092902211356745, 9.567326401754293, -7.954736012669137, -124.70420559319295, -20.0, -20.0, -20.0
-2.8485464888986187, 2.4590986200200144, -6.155381676376999, 9.582045469583244, -7.907668911106973, -125.21365448782271, -20.0, -20.0, -20.0
-2.843750682606626, 2.455156026507786, -6.2181162663537215, 9.60117969838768, -7.862705137807793, -125.72470541906763, -20.0, -20.0, -20.0
-2.83894412349728, 2.4512352267895143, -6.281106566174724, 9.625056738996348, -7.820493735279166, -126.2364938649447, -20.0, -20.0, -20.0
-2.8341243566227807, 2.447334681904606, -6.344352741310897, 9.654010759001196, -7.7816858043544, -126.7482066797442, -20.0, -20.0, -20.0
-2.829288757975099, 2.44345252846189, -6.407854570052864, 9.688383831725107, -7.746927966509175, -127.25910828812557, -20.0, -20.0, -20.0
-2.824434529908466, 2.4395865822210787, -6.471611488535894, 9.728528434806924, -7.716856996736244, -127.76856564399407, -20.0, -20.0, -20.0
-2.8195586950002185, 2.435734343955988, -6.535622647721339, 9.77481119818386, -7.692096063625363, -128.2760710977854, -20.0, -20.0, -20.0
-2.814658087697714, 2.4318930067064444, -6.599886981133582, 9.82761801183292, -7.673252934549821, -128.78126255118826, -20.0, -20.0, -20.0
-2.809729343049717, 2.428059463370461, -6.664403281913506, 9.887360580155974, -7.66092040938439, -129.28394056850811, -20.0, -20.0, -20.0
-2.804768881780293, 2.424230313480548, -6.729170287662013, 9.954484497540651, -7.655679150267579, -129.78408242552152, -20.0, -20.0, -20.0
-2.799772890925389, 2.4204018679451633, -6.794186771612663, 10.02947892207482, -7.6581029912698115, -130.2818533770791, -20.0, -20.0, -20.0
-2.79473729920904, 2.416570150509476, -6.859451638878615, 10.112887943321102, -7.668766751478475, -130.77761568672798, -20.0, -20.0, -20.0
-2.7896577462794667, 2.412730894685352, -6.924964026841943, 10.205323774972008, -7.688256545018578, -131.27193616658278, -20.0, -20.0, -20.0
-2.784529544847879, 2.4088795349029812, -6.990723409162077, 10.307481951378886, -7.717182584463176, -131.76559311395286, -20.0, -20.0, -20.0
-2.7793476346692154, 2.405011190629827, -7.056729703340662, 10.420158763275527, -7.756194508152794, -132.25958360038788, -20.0, -20.0, -20.0
-2.774106527172283, 2.4011206421724567, -7.122983382258214, 10.544271224453691, -7.805999321329375, -132.7551320698214, -20.0, -20.0, -20.0
-2.768800239389839, 2.3972022968131363, -7.189485590559315, 10.680879905321882, -7.8673821159512585, -133.25370113458243, -20.0, -20.0, -20.0
-2.7634222156680583, 2.3932501438316214, -7.256238267171011, 10.831214981801123, -7.941229810109496, -133.75700531220377, -20.0, -20.0, -20.0
-2.7579652354731556, 2.3892576968282033, -7.323244275548325, 10.9967057978094, -8.028558203562058, -134.26702819705312, -20.0, -20.0, -20.0
-2.75242130550461, 2.3852179216153755, -7.390507543386954, 11.17901407637245, -8.13054264775008, -134.786043157459, -20.0, -20.0, -20.0
-2.7467815343462325, 2.3811231478225166, -7.4580332134263285, 11.380070557137335, -8.248552523686394, -135.31663700004037, -20.0, -20.0, -20.0
-2.741035988167378, 2.376964962335642, -7.525827806426221, 11.602114158281147, -8.384189423811288, -135.8617349995299, -20.0, -20.0, -20.0
-2.7351735267377086, 2.372734082902687, -7.593899396182596, 11.847731560395607, -8.539328308009624, -136.42462402596507, -20.0, -20.0, -20.0
-2.7291816205735473, 2.368420210891029, -7.662257794159623, 12.119893096249136, -8.716159738621325, -137.0089678821455, -20.0, -20.0, -20.0
-2.723046152899522, 2.3640118636351826, -7.730914737369501, 12.42197759985174, -8.917229284764346, -137.61880495736838, -20.0, -20.0, -20.0
-2.7167512150171547, 2.3594961895873694, -7.7998840667137, 12.757773929618516, -9.14546690648823, -138.25851241942917, -20.0, -20.0, -20.0
-2.7102789115879826, 2.3548587743321305, -7.869181873082881, 13.13143978706949, -9.40419411446719, -138.93271305729294, -20.0, -20.0, -20.0
-2.703609204346119, 2.3500834533948844, -7.9388265740570985, 13.547389180385442, -9.697089634516338, -139.64609083957617, -20.0, -20.0, -20.0
-2.6967198396352177, 2.345152159599237, -8.008838864571105, 14.010069663219944, -10.028085548072575, -140.40307121645247, -20.0, -20.0, -20.0
-2.689586426397824, 2.340044848835725, -8.079241461746626, 14.523583286354373, -10.401157505975611, -141.20731748563315, -20.0, -20.0, -20.0
-2.6821827531544393, 2.3347395669620226, -8.150058542588654, 15.091109687185046, -10.819969988833897, -142.06100588248157, -20.0, -20.0, -20.0
-2.674481445694019, 2.3292127367910895, -8.221314765534409, 15.714120154494864, -11.287350694897993, -142.96388590053286, -20.0, -20.0, -20.0
-2.666455054747751, 2.3234397465934977, -8.293033793222437, 16.39144363057821, -11.804610095469037, -143.91222485158127, -20.0, -20.0, -20.0
-2.658077603297203, 2.3173958939293575, -8.365236317992016, 17.118362171614162, -12.370800561091094, -144.89787422673896, -20.0, -20.0, -20.0
-2.6493265029862028, 2.3110576667082032, -8.437937744082019, 17.886039072387135, -12.982108323525347, -145.9078301332739, -20.0, -20.0, -20.0
-2.640184585743474, 2.3044042306685557, -8.511145872265903, 18.681629898528964, -13.631635835064479, -146.92468260225957, -20.0, -20.0, -20.0
-2.6306418549072235, 2.2974188756853873, -8.584859079755853, 19.489293446472676, -14.309784097609352, -147.9281473575386, -20.0, -20.0, -20.0
-2.6206965328078375, 2.2900901168030434, -8.659065481717633, 20.291994951071192, -15.005251431766819, -148.8974604895813, -20.0, -20.0, -20.0
-2.610355125327222, 2.282412202026075, -8.733743347761731, 21.073634971389787, -15.706407676108055, -149.81400368681147, -20.0, -20.0, -20.0
-2.5996314954820914, 2.2743849391777373, -8.808862698824973, 21.82088440913238, -16.4026437172415, -150.66340056615348, -20.0, -20.0, -20.0
-2.5885452076380955, 2.266012942961691, -8.884387693953933, 22.524266966850494, -17.08534114694397, -151.4365799496862, -20.0, -20.0, -20.0
-2.5771195465620864, 2.257304530938756, -8.960279276673544, 23.178377337185324, -17.748306944796038, -152.12975092875695, -20.0, -20.0, -20.0
-2.565379595501421, 2.2482705217782186, -9.036497612379337, 23.781426905475485, -18.387729697354345, -152.74359189441628, -20.0, -20.0, -20.0
-2.5533506300839464, 2.238923131825031, -9.1130040295508, 24.33443476442446, -19.00183011539545, -153.28207679143242, -20.0, -20.0, -20.0
-2.5410569346314555, 2.2292750774090067, -9.189762370927742, 24.84034704553837, -19.590387548701553, -153.75128871633456, -20.0, -20.0, -20.0
-2.5285210326518333, 2.2193389123379124, -9.266739798778483, 25.303260872950172, -20.154272735676255, -154.15842268663042, -20.0, -20.0, -20.0
-2.5157632610152425, 2.2091265804913625, -9.343907166249302, 25.727825673413015, -20.695054650523492, -154.51104719664562, -20.0, -20.0, -20.0
-2.5028015980867333, 2.1986491412810736, -9.421239081076985, 26.11882604062423, -21.214702190632835, -154.81661211408306, -20.0, -20.0, -20.0
-2.4896516622609246, 2.1879166220346584, -9.498713772724013, 26.480917262609736, -21.715374795026946, -155.08215447403094, -20.0, -20.0, -20.0
-2.4763268140995054, 2.1769379570423273, -9.576312848079578, 26.818475383066687, -22.19928517429705, -155.31414694822593, -20.0, -20.0, -20.0
-2.462838313598075, 2.1657209818462055, -9.654020995045197, 27.135526622653888, -22.668615610189693, -155.51844091425508, -20.0, -20.0, -20.0
-2.4491954998540115, 2.1542724600066308, -9.73182567214247, 27.435728353599853, -23.12547174810912, -155.7002674748342, -20.0, -20.0, -20.0
-2.4354059723796575, 2.1425981266898737, -9.809716806695388, 27.72238154381616, -23.57186151891963, -155.86427073683276, -20.0, -20.0, -20.0
-2.4214757617344977, 2.1307027387150215, -9.887686513488998, 27.998461036822775, -24.009690380488667, -156.01455643760977, -20.0, -20.0, -20.0
-2.4074094827619903, 2.118590124381954, -9.965728838945498, 28.266654853207907, -24.44076695178186, -156.15474538839672, -20.0, -20.0, -20.0
-2.393210467281818, 2.106263228831831, -10.04383953168305, 28.52940706748202, -24.866815248709983, -156.28802556181, -20.0, -20.0, -20.0
-2.3788808752482784, 2.093724152213799, -10.122015837945012, 28.788961066677054, -25.289491223418064, -156.41719948603665, -20.0, -20.0, -20.0
-2.3644217846167805, 2.0809741788313003, -10.200256319159958, 29.047401459315278, -25.71040230657557, -156.54472537374556, -20.0, -20.0, -20.0
-2.349833260793204, 2.0680137959303453, -10.278560688368257, 29.306693834990458, -26.131129297243792, -156.6727514594506, -20.0, -20.0, -20.0
-2.335114406793657, 2.0548427010177654, -10.356929662132368, 29.56872216319928, -26.55325035307506, -156.80314359698934, -20.0, -20.0, -20.0
-2.320263395254755, 2.0414597966563344, -10.43536482464502, 29.835323992409393, -26.978367092649464, -156.93750645361973, -20.0, -20.0, -20.0
-2.305277483294292, 2.027863171634588, -10.513868500945367, 30.108323849443284, -27.408132994336654, -157.0771987477686, -20.0, -20.0, -20.0
-2.290153010982482, 2.0140500672848423, -10.592443636380846, 30.3895653977962, -27.844284404646057, -157.22334299414678, -20.0, -20.0, -20.0
-2.274885383876738, 2.000016827538484, -10.671093679678814, 30.680943025179168, -28.28867458078701, -157.37683019772186, -20.0, -20.0, -20.0
-2.259469039715965, 1.9857588310674088, -10.74982246720707, 30.984433617913904, -28.743311303513824, -157.53831991530444, -20.0, -20.0, -20.0
-2.243897398971627, 1.9712704035623143, -10.828634106212979, 31.30212935943905, -29.210398716863903, -157.7082361083365, -20.0, -20.0, -20.0
-2.2281627985126895, 1.956544707836274, -10.907532855056289, 31.63627247630958, -29.692384187296646, -157.88675926489898, -20.0, -20.0, -20.0
-2.212256407153154, 1.9415736090064877, -10.986522998720456, 31.989292961833865, -30.192011131848933, -158.0738153917754, -20.0, -20.0, -20.0
-2.196168121299949, 1.9263475114856037, -11.065608718239828, 32.36385045098538, -30.712378951686862, -158.26906268570676, -20.0, -20.0, -20.0
-2.179886438282063, 1.910855163888142, -11.144793953161848, 32.762881620559554, -31.257011438160127, -158.47187700237515, -20.0, -20.0, -20.0
-2.1633983041838065, 1.8950834271992485, -11.224082256828744, 33.18965477246551, -31.829935317413554, -158.68133766520955, -20.0, -20.0, -20.0
-2.146688932075077, 1.8790170006182567, -11.303476645170493, 33.6478336624535, -32.43577100655345, -158.89621570178778, -20.0, -20.0, -20.0
-2.129741585356108, 1.8626380983085296, -11.3829794409116, 34.14155321342154, -33.079838232355534, -159.11496726263883, -20.0, -20.0, -20.0
