-0.018599800942622608, 0.02984673596597616, -0.0046418571807877625, -66.46973140800078, 106.67669003030055, -16.54296573820645, -20.0, 20.0, 20.0
-0.03259436797587328, 0.052193863477446936, -0.007741939573260249, 10.491463274998125, -17.288179984417425, 4.142636168316503, -20.0, -20.0, 20.0
-0.03716768680363803, 0.059290780450991516, -0.008052698649789181, -28.78473858605713, 45.675847878595754, -5.385672474432237, -20.0, 20.0, 20.0
-0.0569604021842406, 0.09076937236707583, -0.011991646719358127, -50.38612293635317, 80.23851978574149, -10.370119803843547, -20.0, 20.0, 20.0
-0.07601945712994818, 0.12100516902292156, -0.015465513564915195, -25.85009684647712, 40.70466683764144, -3.525347578384727, -20.0, 20.0, 20.0
-0.09021643507762414, 0.14336281841567994, -0.017411702291031003, -30.937814944226723, 48.725930733392076, -4.259407326078507, -20.0, 20.0, 20.0
-0.10512323275616141, 0.1667896171580739, -0.019258194786306786, -28.68937576992236, 44.98126423618366, -3.126562655024631, -20.0, 20.0, 20.0
-0.11904594885752329, 0.18856935674160732, -0.020574553234510712, -27.001488635525135, 42.13769409795006, -2.1388711377910643, -20.0, 20.0, 20.0
-0.13221625407411197, 0.20907442970400433, -0.021420822392281897, -25.679732230829632, 39.882597751638016, -1.246205493293679, -20.0, 20.0, 20.0
-0.14478790157682656, 0.2285519546077346, -0.0218369733395248, -24.60685778002868, 38.02750186328296, -0.41839829567793807, -20.0, 20.0, 20.0
-0.1568678036138602, 0.24717375517983317, -0.02185092917599817, -23.71275036810592, 36.459700425111365, 0.36257494978446503, -20.0, 20.0, 20.0
-0.16853412182333322, 0.26506544020711165, -0.021483225452594595, -22.952522469786125, 35.10703968400249, 1.1082399438298238, -20.0, 20.0, 20.0
-0.17984621495950787, 0.28232239431041856, -0.02074957289809175, -22.29585007491246, 33.92077672922512, 1.8263702741815595, -20.0, 20.0, 20.0
-0.19085051824759316, 0.2990192291139374, -0.019662372275901126, -21.72136307742875, 32.86656248485041, 2.5224322145809355, -20.0, 20.0, 20.0
-0.2015842291733094, 0.3152157084238627, -0.01823166427031874, -21.213480625436226, 31.919354754850836, 3.200399807748609, -20.0, 20.0, 20.0
-0.21207772961055402, 0.3309606421514761, -0.01646575390387635, -20.760521123542286, 31.060380155602612, 3.863241658020963, -20.0, 20.0, 20.0
-0.22235623977537072, 0.3462945454341327, -0.014371637100398533, -20.353519535724505, 30.275232975023858, 4.513225555890296, -20.0, 20.0, 20.0
-0.23244098415102304, 0.36125151326469845, -0.011955301546377497, -19.985457966884827, 29.55263834723924, 5.1521166601938475, -20.0, 20.0, 20.0
-0.24235003574262795, 0.37586057803934575, -0.009221944697298631, -19.6507483995348, 28.883620751349888, 5.781310736121618, -20.0, 20.0, 20.0
-0.25209894160098045, 0.3901467154934154, -0.006176135441604955, -19.344875033875276, 28.26092906492863, 6.401926286653086, -20.0, 20.0, 20.0
-0.26170119558193644, 0.40413160506338414, -0.0028219364120847744, -19.064140889948778, 27.67862921494632, 7.014869831427638, -20.0, 20.0, 20.0
-0.27116860190792114, 0.417834214706764, 0.0008370018349935855, -18.80548441398998, 27.131809358573214, 7.620883156885803, -20.0, 20.0, 20.0
-0.28051155906946434, 0.43127125766141566, 0.004797367166087007, -18.56634423218282, 26.616362460033343, 8.220578167487883, -20.0, 20.0, 20.0
-0.28973928456041903, 0.44445755408748433, 0.009056127464621193, -18.344557731635877, 26.128823244241335, 8.814463026648864, -20.0, 20.0, 20.0
-0.29885999495898574, 0.4574063209199972, 0.013610483736728601, -18.138283862631027, 25.666244085810185, 9.402962061780773, -20.0, 20.0, 20.0
-0.3078810518200293, 0.47012940675522613, 0.01845783203431935, -17.94594358154314, 25.22609925510549, 9.986431128582215, -20.0, 20.0, 20.0
-0.3168090810505011, 0.4826374841030699, 0.02359573222097238, -17.76617334034413, 24.806210136269474, 10.565169618029909, -20.0, 20.0, 20.0
-0.3256500714756363, 0.49494020818029655, 0.02902188211211253, -17.597788360196688, 24.404686172637078, 11.139429946530688, -20.0, 20.0, 20.0
-0.3344094568996994, 0.5070463491626648, 0.034734095882604746, -17.43975333605589, 24.019877756835836, 11.709425135438186, -20.0, 20.0, 20.0
-0.34309218494644433, 0.5189639031764643, 0.0407302858973167, -17.29115885092377, 23.650338298362524, 12.275334923409629, -20.0, 20.0, 20.0
-0.3517027752151994, 0.5307001861055276, 0.047008447313235925, -17.151202224096387, 23.294793417890713, 12.83731074026727, -20.0, 20.0, 20.0
-0.3602453687303979, 0.5422619133925737, 0.05356664494551873, -17.019171836697673, 22.95211573029363, 13.39547978886394, -20.0, 20.0, 20.0
-0.36872377024183756, 0.553655268337682, 0.06040300199820318, -16.894434209060783, 22.62130405013966, 13.949948421873847, -20.0, 20.0, 20.0
-0.3771414846126644, 0.5648859608817843, 0.06751569034284723, -16.776423274246557, 22.301466126269688, 14.500804956702371, -20.0, 20.0, 20.0
-0.38550174828571604, 0.5759592784669961, 0.07490292209183584, -16.664631417960116, 21.991804214577446, 15.048122039252066, -20.0, 20.0, 20.0
-0.3938075566276065, 0.5868801302581393, 0.08256294226238341, -16.55860194960186, 21.691602949995218, 15.59195864293822, -20.0, 20.0, 20.0
-0.4020616878001907, 0.5976530857690655, 0.09049402236584526, -16.45792274073472, 21.40021909370931, 16.132361770909192, -20.0, 20.0, 20.0
-0.4102667236908556, 0.6082824087473759, 0.09869445478740597, -16.362220821924975, 21.117072819532392, 16.669367915333645, -20.0, 20.0, 20.0
-0.4184250683391003, 0.6187720870200368, 0.10716254784542739, -16.271157771053836, 20.84164027111109, 17.203004316752008, -20.0, 20.0, 20.0
-0.4265389642215976, 0.6291258588813861, 0.11589662143912685, -16.18442575893519, 20.57344717428564, 17.73329005804581, -20.0, 20.0, 20.0
-0.43461050669725665, 0.6393472365074883, 0.1248950032088798, -16.101744143700966, 20.312063330123244, 18.260237020965985, -20.0, 20.0, 20.0
-0.442641656864586, 0.6494395268016767, 0.13415602514610767, -16.022856525616366, 20.05709784663077, 18.783850727945488, -20.0, 20.0, 20.0
-0.4506342530434947, 0.6594058500115677, 0.14367802060003879, -15.947528190018282, 19.808194992933288, 19.304131087778995, -20.0, 20.0, 20.0
-0.4585900210607174, 0.6692491564048749, 0.15345932163709372, -15.87554387887247, 19.565030580295588, 19.821073060440703, -20.0, 20.0, 20.0
-0.4665105834908681, 0.6789722412476759, 0.16349825671561566, -15.80670584173036, 19.327308790908287, 20.33466725364706, -20.0, 20.0, 20.0
-0.4743974679825948, 0.6885777582925853, 0.17379314864443116, -15.740832125176404, 19.094759388729344, 20.844900461614902, -20.0, 20.0, 20.0
-0.48225211478054075, 0.6980682319541511, 0.1843423127985124, -15.67775506660739, 18.86713525753419, 21.351756154710078, -20.0, 20.0, 20.0
-0.4900758835381168, 0.7074460683235844, 0.19514405556900102, -15.617319963696945, 18.64421022019868, 21.855214927244358, -20.0, 20.0, 20.0
-0.4978700595028963, 0.716713565153764, 0.20619667302818595, -15.559383895421133, 18.425777100520047, 22.355254909495336, -20.0, 20.0, 20.0
-0.505635859145314, 0.7258729209276154, 0.21749844979282093, -15.503814674249277, 18.211645994884936, 22.851852149044607, -20.0, 20.0, 20.0
-0.5133744352919242, 0.7349262431078534, 0.22904765807151073, -15.450489912191529, 18.0016427260671, 23.344980965714605, -20.0, 20.0, 20.0
-0.5210868818164626, 0.7438755556532639, 0.2408425568838651, -15.399296185962223, 17.7956074555752, 23.834614283702916, -20.0, 20.0, 20.0
-0.5287742379351187, 0.7527228058757647, 0.25288139144077576, -15.35012828866222, 17.593393434428084, 24.320723943939736, -20.0, 20.0, 20.0
-0.5364374921465795, 0.7614698707031554, 0.2651623926765632, -15.30288855718109, 17.3948658751347, 24.803280999210003, -20.0, 20.0, 20.0
-0.5440775858523831, 0.7701185624044635, 0.27768377692490837, -15.257486266033013, 17.19990093009769, 25.282255994170484, -20.0, 20.0, 20.0
-0.551695416688796, 0.7786706338279188, 0.29044374573146137, -15.213837079618331, 17.008384763723548, 25.757619232041492, -20.0, 20.0, 20.0
-0.5592918415976971, 0.7871277831956679, 0.3034404857968348, -15.171862555986298, 16.820212707272862, 26.22934102945217, -20.0, 20.0, 20.0
-0.5668676796607177, 0.7954916584942298, 0.31667216904436274, -15.131489696096358, 16.63528848697444, 26.69739196065965, -20.0, 20.0, 20.0
-0.5744237147180824, 0.8037638614952732, 0.3301369528075624, -15.092650533362184, 16.45352351719954, 27.16174309213895, -20.0, 20.0, 20.0
-0.5819606977911571, 0.8119459514374688, 0.34383298013268376, -15.055281758936557, 16.274836251582727, 27.62236620834658, -20.0, 20.0, 20.0
-0.5894793493255848, 0.8200394483968427, 0.35775838019209355, -15.019324378774085, 16.09915158591261, 28.079234029292664, -20.0, 20.0, 20.0
-0.5969803612700302, 0.8280458363701766, 0.3719112688045191, -14.984723399007638, 15.926400307422849, 28.532320420409462, -20.0, 20.0, 20.0
-0.6044643990039335, 0.8359665660934851, 0.3862897490583906, -14.951427536605536, 15.75651858581124, 28.98160059507656, -20.0, 20.0, 20.0
-0.6119321031262474, 0.8438030576154175, 0.40089191203467256, -14.919388952650252, 15.5894475019186, 29.427051310051446, -20.0, 20.0, 20.0
-0.619384091115886, 0.851556702643528, 0.41571583762567477, -14.888563005904196, 15.42513261052325, 29.868651053957304, -20.0, 20.0, 20.0
-0.6268209588735149, 0.8592288666796994, 0.4307595954463881, -14.858908024611168, 15.263523534162639, 30.30638022889587, -20.0, 20.0, 20.0
-0.63424328215335, 0.8668208909595627, 0.44602124583490727, -14.830385094729314, 15.10457358529057, 30.740221325180798, -20.0, 20.0, 20.0
-0.6416516178927844, 0.8743340942094915, 0.46149884093848376, -14.80295786300787, 14.948239414424386, 31.170159089125207, -20.0, 20.0, 20.0
-0.6490465054469138, 0.8817697742336572, 0.4771904258817063, -14.776592353509896, 14.79448068223841, 31.596180683765024, -20.0, 20.0, 20.0
-0.6564284677343788, 0.8891292093426727, 0.49309404001323676, -14.751256796350114, 14.643259753823402, 32.01827584235678, -20.0, 20.0, 20.0
-0.6637980123003573, 0.8964136596345189, 0.5092077182274394, -14.72692146756398, 14.494541413561569, 32.43643701445386, -20.0, 20.0, 20.0
-0.6711556323020367, 0.9036243681377261, 0.5255294923571375, -14.703558539153613, 14.348292599267058, 32.850659504338736, -20.0, 20.0, 20.0
-0.6785018074214427, 0.9107625618261469, 0.5420573926336146, -14.681141938470642, 14.204482154416183, 33.2609416015696, -20.0, 20.0, 20.0
-0.6858370047101097, 0.9178294525141116, 0.558789449209854, -14.659647216196923, 14.063080597442921, 33.66728470338791, -20.0, 20.0, 20.0
-0.6931616793697273, 0.9248262376402739, 0.575723693742883, -14.639051422273356, 13.924059907206166, 34.06969342872831, -20.0, 20.0, 20.0
-0.700476275472597, 0.9317541009480375, 0.5928581610309586, -14.619332989205745, 13.787393323847917, 34.4681757235738, -20.0, 20.0, 20.0
-0.7077812266254601, 0.938614213070089, 0.6101908907012036, -14.600471622246234, 13.653055164358086, 34.862742957406475, -20.0, 20.0, 20.0
-0.7150769565800241, 0.9454077320242394, 0.6277199289431845, -14.582448196010144, 13.521020652243626, 35.25341001051748, -20.0, 20.0, 20.0
-0.7223638797933122, 0.9521358036274925, 0.6454433302838035, -14.565244657141994, 13.39126576076868, 35.640195351958575, -20.0, 20.0, 20.0
-0.7296424019407707, 0.9587995618350071, 0.6633591593987785, -14.54884393269189, 13.263767069289896, 36.023121107941414, -20.0, 20.0, 20.0
-0.7369129203849198, 0.9654001290103942, 0.6814654929558936, -14.533229843904962, 13.138501632258066, 36.40221312051896, -20.0, 20.0, 20.0
-0.7441758246021868, 0.9719386161335825, 0.6997604214851274, -14.518387025162747, 13.015446860495041, 36.77750099641594, -20.0, 20.0, 20.0
-0.7514314965704392, 0.9784161229523023, 0.7182420512707093, -14.504300847846833, 12.894580414384405, 37.149018145911505, -20.0, 20.0, 20.0
-0.7586803111196314, 0.9848337380830575, 0.7369085062601163, -14.490957348922318, 12.775880108636695, 37.51680181171641, -20.0, 20.0, 20.0
-0.7659436329899267, 0.9912561618880444, 0.7556023729571698, -14.56233013225912, 12.913815111310972, 37.25866497649786, -20.0, 20.0, 1.6300224697397425
-0.7732665235082415, 0.9978205909010023, 0.7739851302800167, -14.729231941000249, 13.343900940520268, 36.27236431488967, -20.0, 20.0, -20.0
-0.7806706968808483, 1.0045961949895679, 0.7918767030390826, -14.887461549426849, 13.758515413742176, 35.293926721373936, -20.0, 20.0, -20.0
-0.788151884088486, 1.0115753411407375, 0.8092810705241222, -15.037287281124108, 14.158069190936537, 34.32354321878447, -20.0, 20.0, -20.0
-0.7956956690503487, 1.0187203472520148, 0.8262766758436709, -15.137852566326536, 14.421955254172415, 33.65887805941034, -20.0, 20.0, -11.071337319925078
-0.8032986354150772, 1.0260248674261683, 0.8428672992099756, -15.27401289258727, 14.796125442441284, 32.70361540580836, -20.0, 20.0, -20.0
-0.8109324810726211, 1.0334104817553527, 0.8592354845558208, -15.261369737588298, 14.746331874295851, 32.76912597757252, -20.0, 20.0, 10.638167102617444
-0.8185954442061241, 1.0408733180429603, 0.875384224943888, -15.390482796423832, 15.105013276134477, 31.82583557469646, -20.0, 20.0, -20.0
-0.8263211516718904, 1.0485121795372125, 0.8910634679729056, -15.512347066641333, 15.450432700873913, 30.891136541373733, -20.0, 20.0, -20.0
-0.8341060422250423, 1.0563205414541843, 0.9062775205425908, -15.627215145966312, 15.783014967013148, 29.965073737366986, -20.0, 20.0, -20.0
-0.8419378964879474, 1.0642671735817666, 0.9210928613118241, -15.70020190565437, 16.003513543316068, 29.296289339566428, -20.0, 20.0, -12.345491202644553
-0.8498046494293657, 1.072320611868414, 0.9355787742067886, -15.766809860019181, 16.2102396032744, 28.647362240291304, -20.0, 20.0, -11.926678565633665
-0.8577043401961018, 1.0804773394243372, 0.949737037340964, -15.831953206925034, 16.416670620418127, 27.985690296410567, -20.0, 20.0, -12.514474765289378
-0.8656299747483915, 1.0887197019294104, 0.9636054157956577, -15.870585002234183, 16.552779399874368, 27.487823522364057, -20.0, 20.0, -7.604454196720326
-0.8735883580552019, 1.0970679719180283, 0.9771271221413473, -15.962948225007198, 16.84030055459707, 26.599001860394285, -20.0, 20.0, -20.0
-0.8815461343310845, 1.105431952523948, 0.9905245184018161, -15.868156878523715, 16.615621869081338, 26.990583181480563, -20.0, 20.0, 20.0
-0.8895029473821403, 1.113809977948414, 1.003800215953712, -15.959095325699593, 16.89647982878262, 26.112207026103544, -20.0, 20.0, -20.0
-0.8975038356564952, 1.1223258345362284, 1.0166388740844783, -16.04445777171976, 17.16694652247486, 25.242425496961744, -20.0, 20.0, -20.0
-0.9055460623467647, 1.13097442175994, 1.029044770454447, -16.12444898935861, 17.427402372371482, 24.381159982912994, -20.0, 20.0, -20.0
-0.9136051447802528, 1.13969155091841, 1.0411747731429373, -16.111880744593734, 17.441114261508268, 24.138850771048357, -20.0, 20.0, -0.467989518552713
-0.9216797193253313, 1.1484741845387665, 1.053032257001761, -16.186417435720227, 17.689420219917327, 23.29108466424662, -20.0, 20.0, -20.0
-0.9297662998430802, 1.157314031553411, 1.064635783162477, -16.1599046352754, 17.669967838660096, 23.12301997861765, -20.0, 20.0, 1.659695288896728
-0.9378637566715706, 1.1662084416525125, 1.0759885789469221, -16.229922678686233, 17.907672557745723, 22.2881631591627, -20.0, 20.0, -20.0
-0.9459778491916043, 1.1751736320672372, 1.0870461654902344, -16.226447401448745, 17.953089101153523, 21.94218301408647, -20.0, 20.0, -4.362901200770466
-0.9541071919905842, 1.1842066382383454, 1.0978119512340916, -16.290923794470793, 18.178935583279387, 21.120959961342496, -20.0, 20.0, -20.0
-0.9622240468821318, 1.1932350646604026, 1.1084740465175833, -16.176495771719335, 17.934770104949628, 21.527421172624123, -20.0, 20.0, 20.0
-0.97032850028834, 1.202258092354738, 1.1190348050290642, -16.24131785311323, 18.157340672391133, 20.71561287329903, -20.0, 20.0, -20.0
-0.9784642899907582, 1.2113904187297821, 1.1291916291023252, -16.30184095655958, 18.37196482778604, 19.911683419744858, -20.0, 20.0, -20.0
-0.9866162887009331, 1.2205940895586467, 1.1390395923114787, -16.306153884140155, 18.442718487672337, 19.480169416869096, -20.0, 20.0, -7.894404715828841
-0.9947726626755722, 1.2298390190148514, 1.1486553935571389, -16.3193420144162, 18.536999337146472, 18.983035565771242, -20.0, 20.0, -10.223273023058027
-1.0029215175270183, 1.2390946353944965, 1.1581201100724219, -16.27607739136866, 18.485466181434344, 18.875830495360802, -20.0, 20.0, 2.661285985570885
-1.0110731140775153, 1.2483870997150475, 1.1673628849533007, -16.330308810619364, 18.68439110076986, 18.09526902815407, -20.0, 20.0, -20.0
-1.019217325421449, 1.2576907235864199, 1.1764533268201092, -16.246536565115004, 18.5301043847196, 18.266498439080063, -20.0, 20.0, 11.847170943548917
-1.0273539386003891, 1.2670044117162336, 1.1853938889253395, -16.299916150645817, 18.724648134535165, 17.495749981840778, -20.0, 20.0, -20.0
-1.0355163227365671, 1.2764137109324865, 1.1939508801198662, -16.34962039406613, 18.912548730476203, 16.732214796265644, -20.0, 20.0, -20.0
-1.0436612030992727, 1.2858094029084783, 1.2024210152335606, -16.22990105675591, 18.67021917349112, 17.148325658511833, -20.0, 20.0, 20.0
-1.051788832959565, 1.2951911019478566, 1.2108063367884991, -16.28061838441392, 18.856576984022283, 16.392960561241914, -20.0, 20.0, -20.0
-1.0599409511592677, 1.3046644260390474, 1.2188157116384486, -16.32785441439635, 19.03671938074143, 15.64453883855601, -20.0, 20.0, -20.0
-1.06807506696428, 1.3141230764529042, 1.2267424244944156, -16.208608805653288, 18.79788227468512, 16.06231258531181, -20.0, 20.0, 20.0
-1.0761914475009682, 1.3235667374860118, 1.2345884332968826, -16.256913341099395, 18.976761857745323, 15.321722624556463, -20.0, 20.0, -20.0
-1.084331154516153, 1.333098384774757, 1.2420658139626415, -16.3019147196394, 19.149827297235237, 14.58780003847915, -20.0, 20.0, -20.0
-1.0924524858868139, 1.3426145539055474, 1.2494645237812962, -16.183410763004503, 18.914849225925966, 15.007039236139688, -20.0, 20.0, 20.0
-1.1005557183953198, 1.352114992202359, 1.2567864341065271, -16.22951927101919, 19.08690396132062, 14.280602064784242, -20.0, 20.0, -20.0
-1.10868122037429, 1.3617000985457142, 1.2637467228404893, -16.272488644861298, 19.25352141210004, 13.560552871064477, -20.0, 20.0, -20.0
-1.116788081746789, 1.3712691551004283, 1.2706321248539787, -16.154956845135242, 19.02270480675682, 13.98105518289354, -20.0, 20.0, 20.0
-1.1248765855521725, 1.3808219661946417, 1.2774444237856608, -16.19905837639904, 19.188539570096513, 13.26814054383535, -20.0, 20.0, -20.0
-1.1329800359184041, 1.3904406663914117, 1.2839478235892288, -16.21474308852712, 19.286261216983533, 12.745458670436431, -20.0, 20.0, -13.460981683948376
-1.141058600073601, 1.4000275681854446, 1.2904257348603223, -16.099513532260236, 19.06134595914797, 13.166186413938048, -20.0, 20.0, 20.0
-1.1491191939187744, 1.409598638091556, 1.2968336298659286, -16.142861848433093, 19.222933665297482, 12.465393608487645, -20.0, 20.0, -20.0
-1.1572007443679513, 1.419249302206918, 1.302892593977945, -16.183339948274135, 19.379722796150194, 11.770462839577492, -20.0, 20.0, -20.0
-1.1652639187253968, 1.4288840512987084, 1.3088832310996674, -16.069357481507645, 19.159273571012076, 12.19208564731203, -20.0, 20.0, 20.0
-1.1733089893528816, 1.4385027593811943, 1.3148071700346677, -16.110925028431268, 19.315558758931235, 11.503670092689395, -20.0, 20.0, -20.0
-1.1813524773881356, 1.4481454358219805, 1.3205480665650553, -16.06302711258475, 19.255147004213594, 11.459916028860746, -20.0, 20.0, 3.168392304180543
-1.1893939592924512, 1.457811073353553, 1.3261080098992923, -16.102900504677677, 19.407403122076076, 10.779857308087813, -20.0, 20.0, -20.0
-1.197417773517422, 1.4674617078493375, 1.3316032818890842, -15.992356395205555, 19.19513486106187, 11.201230651079461, -20.0, 20.0, 20.0
-1.205424171417276, 1.477097231604511, 1.3370354256262862, -16.033235204210413, 19.346960159632463, 10.527344297728257, -20.0, 20.0, -20.0
-1.2134336082861399, 1.4867669357488824, 1.3422570203996886, -16.004512271245254, 19.33185641785289, 10.359034795881104, -20.0, 20.0, -1.6207490281581158
-1.2214409288212622, 1.4964585852298644, 1.3473044011553672, -16.02476986924399, 19.4347415060749, 9.830488226833497, -20.0, 20.0, -14.953201619349784
-1.229426550817167, 1.5061249154370258, 1.3523248674051653, -15.91771811437464, 19.230579322570325, 10.251376772359217, -20.0, 20.0, 20.0
-1.2373954665218614, 1.5157771632971462, 1.3572855029870736, -15.957944704403454, 19.378412117911466, 9.59116555527389, -20.0, 20.0, -20.0
-1.2453631608571072, 1.5254523294080609, 1.3620742461160313, -15.91283263657975, 19.32225232574743, 9.563806960557246, -20.0, 20.0, 3.3643032156285244
-1.253329249246469, 1.535149572190962, 1.366692950959297, -15.951520920867152, 19.466718805857127, 8.911012412505414, -20.0, 20.0, -20.0
-1.2612394412003733, 1.544751834055156, 1.371337775156931, -15.689246894750259, 18.942328650919286, 9.668284378029753, -20.0, -20.0, 20.0
-1.2690561836681717, 1.5541798134748668, 1.3760922605558297, -15.577722976443155, 18.769589027923395, 9.349657217565758, -20.0, -19.77356023767561, -20.0
-1.276817960806676, 1.5635223011728476, 1.3806875061000403, -15.469385577574238, 18.600361763999643, 9.031324959277077, -20.0, -20.0, -20.0
-1.2845265508615187, 1.5727814584698196, 1.3851232023946942, -15.36497464179639, 18.43626742388841, 8.711460219338482, -20.0, -20.0, -20.0
-1.2921838740380773, 1.5819597903870102, 1.3893986032725285, -15.264318064438068, 18.277060244873773, 8.39014329199903, -20.0, -20.0, -20.0
-1.2997917670256502, 1.591059682989034, 1.3935130012954429, -15.167253885853292, 18.122510163221477, 8.067448799658195, -20.0, -20.0, -20.0
-1.3073502617386654, 1.6000792752699766, 1.3974792308929105, -15.066724966207044, 17.95585896054872, 7.7974695902120414, -20.0, -20.0, -17.939830436555667
-1.314844165057677, 1.608980252553062, 1.4014297049989004, -14.90888830983911, 17.648050171793468, 8.004426833747715, -20.0, -20.0, 0.3599450754663849
-1.3222774722787607, 1.6177696013410756, 1.4053498687904324, -14.824340574495928, 17.509344980260312, 7.676228332380867, -20.0, -20.0, -20.0
-1.3296692440358013, 1.626490530073371, 1.4091056742571535, -14.742746453667046, 17.374369948921245, 7.346993534503057, -20.0, -20.0, -20.0
-1.3370161892596926, 1.6351335349090927, 1.4127343232573013, -14.645034441897458, 17.19764939396578, 7.167602466088477, -20.0, -20.0, -14.182834060923824
-1.344312547766724, 1.6436830789399421, 1.4162936514367752, -14.540399586227917, 17.000526729431687, 7.0697102518071855, -20.0, -20.0, -10.962461379338038
-1.3515647919241562, 1.6521526269070668, 1.419745229500988, -14.468577043501067, 16.877665139066544, 6.736602005044148, -20.0, -20.0, -20.0
-1.3587561108808812, 1.6605002716976773, 1.423236720239658, -14.29669878339894, 16.512914023375714, 7.229360949636149, -20.0, -20.0, 12.139474636347131
-1.3658885436531498, 1.6687284691414315, 1.426767190826504, -14.23303230567537, 16.39987575164079, 6.892521397748104, -20.0, -20.0, -20.0
-1.372989694732658, 1.676900810778866, 1.4301290848597366, -14.171572012358014, 16.28949079809816, 6.555054735182191, -20.0, -20.0, -20.0
-1.3800606472909378, 1.685018597469701, 1.433322095366409, -14.112238220760622, 16.181655965241575, 6.216987291507903, -20.0, -20.0, -20.0
-1.3870916896763772, 1.693057388282341, 1.4364342036706805, -14.011931320997231, 15.973507285318497, 6.231445925577908, -20.0, -20.0, -6.129375445192409
-1.3940841575091636, 1.7010187620048414, 1.4394649177447116, -13.95794001014871, 15.871987604683031, 5.891410370546718, -20.0, -20.0, -20.0
-1.4010319772624773, 1.708886622403977, 1.4424755902381752, -13.833339003106413, 15.599453991859134, 6.1512796033073105, -20.0, -20.0, 3.700607342320609
-1.4079366092067656, 1.716662665480974, 1.4454656421578378, -13.78518877404675, 15.504718316128857, 5.808928075342849, -20.0, -20.0, -20.0
-1.41481759057894, 1.724391829148897, 1.448284422463287, -13.73873671465129, 15.4119363555634, 5.466193146453511, -20.0, -20.0, -20.0
-1.4216537709267474, 1.7320224684416805, 1.4511164149258835, -13.60598467657851, 15.110620815569865, 5.861776703932856, -20.0, -20.0, 9.368509693784517
-1.428446585483106, 1.7395562148222887, 1.4539610495780306, -13.565273548856524, 15.02436470686328, 5.516761904655954, -20.0, -20.0, -20.0
-1.4352194138789942, 1.7470472445447205, 1.4566331105888286, -13.526040034696285, 14.939754182863492, 5.171482138535572, -20.0, -20.0, -20.0
-1.441963328780302, 1.7544732240044143, 1.45921473039449, -13.44961957053479, 14.76416365591144, 5.154997084110322, -20.0, -20.0, -6.827481852502842
-1.4486793003921155, 1.7618352320667159, 1.4617056203794623, -13.414266876719553, 14.683868593295124, 4.808562855778328, -20.0, -20.0, -20.0
-1.455349020916321, 1.7690880464991876, 1.46427195559272, -13.264615220102554, 14.327389136591808, 5.456777997252517, -20.0, -20.0, 20.0
-1.461973914669084, 1.7762332336640567, 1.4669131687662507, -13.234959790949876, 14.253359522884944, 5.108074696870506, -20.0, -20.0, -20.0
-1.4685842736143144, 1.7833417116804189, 1.4693800048892969, -13.206475989971969, 14.180552542563541, 4.759269795313903, -20.0, -20.0, -20.0
-1.4751806748439948, 1.7904140831406063, 1.4716724129958296, -13.179128928749964, 14.1089332981862, 4.410362630817405, -20.0, -20.0, -20.0
-1.4817425767960588, 1.7974000572461726, 1.473975561409518, -13.068478879505593, 13.83496312407903, 4.80223102393645, -20.0, -20.0, 10.042698028121436
-1.4882710637790444, 1.804300791288556, 1.4762890843150753, -13.045469052437063, 13.767973045454829, 4.451860598292497, -20.0, -20.0, -20.0
-1.4947882946806044, 1.8111682802938212, 1.478427413291288, -13.023454553802894, 13.701982975605754, 4.101455306558012, -20.0, -20.0, -20.0
-1.5012734269719292, 1.8179513818713462, 1.4805806840523708, -12.917074611496624, 13.430423334494797, 4.511627737772746, -20.0, -20.0, 11.029160220874473
-1.5077274656769666, 1.8246511459979307, 1.4827485759379886, -12.899080208653018, 13.368633171843372, 4.159939804698205, -20.0, -20.0, -20.0
-1.5141727250510646, 1.8313202245782478, 1.4847406293797418, -12.881957287738622, 13.307681149425557, 3.8082739623148574, -20.0, -20.0, -20.0
-1.520587532210798, 1.837905288554205, 1.486756989711104, -12.777271351195091, 13.032574754403216, 4.257167363133251, -20.0, -20.0, 12.846484273421083
-1.5269728345646714, 1.8444073074540872, 1.488797368784384, -12.76393806429804, 12.975500845124856, 3.904348929987026, -20.0, -20.0, -20.0
-1.5333516606613073, 1.850880963346346, 1.4906613566564497, -12.75136632224589, 12.919122723910638, 3.5516025582755466, -20.0, -20.0, -20.0
-1.539704040952823, 1.857276872559766, 1.4925361933423067, -12.658154843817332, 12.664514129768426, 3.947744185152673, -20.0, -20.0, 10.894219590912257
-1.5460308131347853, 1.863595871567068, 1.4944216517420137, -12.648933884031381, 12.61148189943939, 3.594089413675281, -20.0, -20.0, -20.0
-1.5523531417887864, 1.869888499394079, 1.496130309791744, -12.64038073197263, 12.559029408604927, 3.2405427852463573, -20.0, -20.0, -20.0
-1.5586455794913585, 1.8760916675356423, 1.4979033339992995, -12.52937007831574, 12.253643157648323, 3.8515540449754613, -20.0, -20.0, 20.0
-1.5649090262306657, 1.8822062651117515, 1.4997404632197346, -12.524416878913208, 12.204747146788703, 3.4969628367647565, -20.0, -20.0, -20.0
-1.571170140437289, 1.8882965294208216, 1.5014003355344538, -12.520039947580234, 12.156310089491317, 3.1425264221122946, -20.0, -20.0, -20.0
-1.5774190808832782, 1.8943376332872375, 1.502979335833333, -12.47572183637592, 12.008105376172425, 3.173474773404286, -20.0, -20.0, -3.94136307847441
-1.5836563460464386, 1.900330032234264, 1.5044774171071764, -12.473338816265459, 11.961490411933305, 2.818850321969689, -20.0, -20.0, -20.0
-1.5898676925055488, 1.9062374255926346, 1.5060373611522955, -12.372047020175293, 11.668083021549053, 3.4209258585068145, -20.0, -20.0, 20.0
-1.5960539073048512, 1.9120605653752447, 1.5076589672522511, -12.372812177033765, 11.624476108891171, 3.0654985413156215, -20.0, -20.0, -20.0
-1.6022406190514062, 1.9178619812268896, 1.5091029082899263, -12.374034809186622, 11.581187297688498, 2.710265609384983, -20.0, -20.0, -20.0
-1.6084078778206858, 1.9235912928740482, 1.5105667667239486, -12.29500026793138, 11.336059290946029, 3.145168126703908, -20.0, -20.0, 13.187644667735526
-1.614556322205128, 1.9292490874364034, 1.5120504204866738, -12.298777269837487, 11.295118958474898, 2.7894469241964117, -20.0, -20.0, -20.0
-1.6207067544769163, 1.934886474583338, 1.513356265995769, -12.302951817315824, 11.254429629263312, 2.433935112183435, -20.0, -20.0, -20.0
-1.6268355839375586, 1.9404435093042178, 1.5147213812970588, -12.212366025253472, 10.973709254255342, 3.0265260929757773, -20.0, -20.0, 20.0
-1.6329434810279249, 1.945920805086052, 1.5161456267771967, -12.21922233621179, 10.935473873081277, 2.6704558275760064, -20.0, -20.0, -20.0
-1.639054891065659, 1.951379028241781, 1.5173918950578125, -12.226417814724686, 10.897418749835422, 2.3146172948869324, -20.0, -20.0, -20.0
-1.6451480437130426, 1.956762386972284, 1.5186828024268275, -12.146192774809771, 10.636016172176241, 2.849012181173599, -20.0, -20.0, 17.716426656370345
-1.6512235312554824, 1.9620714070491116, 1.520018249137913, -12.155757394949784, 10.600064135134184, 2.492774663168715, -20.0, -20.0, -20.0
-1.6573038733661014, 1.967362482066317, 1.5211756383518116, -12.165611047525989, 10.564235933686811, 2.1367821924251147, -20.0, -20.0, -20.0
-1.6633668964736945, 1.9725783022755228, 1.5223855884537474, -12.086481382846744, 10.299044903136815, 2.703018215318075, -20.0, -20.0, 19.229757502741904
-1.6694131637760603, 1.977719358629197, 1.5236480131183976, -12.098587826616356, 10.265180511560436, 2.346680443282918, -20.0, -20.0, -20.0
-1.6754655451483778, 1.9828435009836847, 1.5247323330857918, -12.110937662653132, 10.23138890638988, 1.9905994262938052, -20.0, -20.0, -20.0
-1.6815038800739246, 1.987898117451378, 1.5258520524267185, -12.042402039533792, 9.987076964383013, 2.4882779374128883, -20.0, -20.0, 16.456058123181663
-1.6875286605311597, 1.9928836229247084, 1.5270071171664428, -12.0567197894064, 9.954944928938856, 2.131981021483841, -20.0, -20.0, -20.0
-1.6935606509382635, 1.9978530708508837, 1.527984098470646, -12.071241839009168, 9.922846775762606, 1.7759441953292674, -20.0, -20.0, -20.0
-1.6995781927065114, 2.002749405997374, 1.52901639491103, -11.998925233982844, 9.662493810198912, 2.353241566206406, -20.0, -20.0, 20.0
-1.7055817753951483, 2.0075730386823816, 1.5301039508556877, -12.015405520564828, 9.632036929831584, 1.9969822124243994, -20.0, -20.0, -20.0
-1.7115936400338467, 2.012381441644029, 1.5310134436293394, -12.03205303422872, 9.601574916758157, 1.6409888821826466, -20.0, -20.0, -20.0
-1.7175925928729714, 2.0171182012242914, 1.5319774702275246, -11.963758322270218, 9.345463404292701, 2.215117510558028, -20.0, -20.0, 20.0
-1.7235790863875642, 2.02178368808521, 1.5329959901838002, -11.982215736100809, 9.316484039380702, 1.8589623145439655, -20.0, -20.0, -20.0
-1.7295748420980785, 2.026434675622924, 1.5338364997747274, -12.000807105956552, 9.287466111476268, 1.503076049164813, -20.0, -20.0, -20.0
-1.7355591232150174, 2.031015362872227, 1.5347308364535468, -11.936317361798748, 9.035282885735521, 2.0742706661130788, -20.0, -20.0, 20.0
-1.7415323480053095, 2.0355260849115613, 1.5356789725129465, -11.956581799369696, 9.00760527160207, 1.718273571485422, -20.0, -20.0, -20.0
-1.7475157310163658, 2.040022951358548, 1.5364491773148314, -11.97695024485499, 8.979860516345315, 1.3625456360545665, -20.0, -20.0, -20.0
-1.7534889841143666, 2.044450745468876, 1.5372725704125711, -11.916062147148311, 8.731315924966049, 1.9310267549041216, -20.0, -20.0, 20.0
-1.7594524939272949, 2.0488097703466943, 1.5381491346950298, -11.937977104564943, 8.70478358630821, 1.575230374930352, -20.0, -20.0, -20.0
-1.765426980462483, 2.0531555061818567, 1.5388478675397377, -11.959969036187157, 8.678159754340571, 1.2197010039013823, -20.0, -20.0, -20.0
-1.7713925955137058, 2.057433292390347, 1.5395992118005546, -11.902491168704639, 8.432985079621298, 1.7856760393666624, -20.0, -20.0, 20.0
-1.7773496963726927, 2.061643403309752, 1.5404031590130036, -11.925912267243051, 8.407458597997884, 1.4301128104291667, -20.0, -20.0, -20.0
-1.783314840055945, 2.0658305289011225, 1.5410725848011777, -11.934662465766735, 8.341043767484608, 1.2475903422667776, -20.0, -20.0, -12.484052048796912
-1.7892696418712228, 2.0699433048625764, 1.5418257611981792, -11.884544795344656, 8.110060078331252, 1.7651152457393642, -20.0, -20.0, 17.99560949011419
-1.7952181540075665, 2.0739922117492897, 1.5426194786550442, -11.909503750029764, 8.085567468522386, 1.4097545817212809, -20.0, -20.0, -20.0
-1.8011791526664422, 2.0780288379580067, 1.5432355819363028, -11.934490885473426, 8.060937366346092, 1.054658543313016, -20.0, -20.0, -20.0
-1.8071336408286574, 2.0819995577178623, 1.5439032680299984, -11.883461763387377, 7.821941673076014, 1.6160858314698383, -20.0, -20.0, 20.0
-1.8130819211787832, 2.085904591511085, 1.5446225450347073, -11.90965963711569, 7.798193499815604, 1.261022187365655, -20.0, -20.0, -20.0
-1.8190417295154624, 2.089793242563579, 1.5451835614194254, -11.929573709601309, 7.756410710158287, 0.9830433515061523, -20.0, -20.0, -16.64040163142775
-1.8249945040185154, 2.0936123899848544, 1.5458149339066871, -11.881524302610826, 7.52017897494445, 1.5424465975405997, -20.0, -20.0, 20.0
-1.830942119559737, 2.0973667251293198, 1.5464974601049155, -11.908937862276012, 7.497161602916389, 1.1876581953726206, -20.0, -20.0, -20.0
-1.8369029088109663, 2.101107982028737, 1.547009260535958, -11.934219142640538, 7.467865994752679, 0.8595435287969322, -20.0, -20.0, -18.841838864694694
-1.8428586948065013, 2.1047834817622224, 1.5475784201027687, -11.888924839499893, 7.234132939189433, 1.4170947384460564, -20.0, -20.0, 20.0
-1.8488102711983303, 2.1083949367132018, 1.5481983479735246, -11.917380727816148, 7.2116868647278425, 1.0626167445775787, -20.0, -20.0, -20.0
-1.8547712062079929, 2.111980924387302, 1.5487028889416974, -11.926359310834355, 7.1322638316726525, 0.9555471281135182, -20.0, -20.0, -9.141539523168348
-1.8607415544843324, 2.115541424704215, 1.5490921348721798, -11.955033794523526, 7.109737435979649, 0.6014365938163182, -20.0, -20.0, -20.0
-1.866726231665298, 2.1190906208331555, 1.5493043786901914, -11.983674929338289, 7.087047079782592, 0.2475386782301081, -20.0, -20.0, -20.0
-1.8727252208625043, 2.1226284345377384, 1.5493397210378699, -12.012281859486674, 7.064207738548665, -0.1061692875161307, -20.0, -20.0, -20.0
-1.8787385047542147, 2.126154795064301, 1.5491982512079714, -12.040853707354675, 7.041234367702889, -0.45971003207803357, -20.0, -20.0, -20.0
-1.8847660655737344, 2.129669639131697, 1.548880047111964, -12.069389570724315, 7.018141901881367, -0.8131063519517043, -20.0, -20.0, -20.0
-1.8908078850964174, 2.133172910920727, 1.548385175244083, -12.097888520008135, 6.994945254237356, -1.1663811195726883, -20.0, -20.0, -20.0
-1.8968639446252942, 2.136664562063235, 1.5477136906413267, -12.126349595498839, 6.97165931579515, -1.5195572914524371, -20.0, -20.0, -20.0
-1.9029342249753272, 2.1401445516308955, 1.546865636839377, -12.154771804632876, 6.948298954846784, -1.8726579163464951, -20.0, -20.0, -20.0
-1.909018706456302, 2.1436128461237036, 1.5458410458244283, -12.18315411926678, 6.924879016386654, -2.2257061434484604, -20.0, -20.0, -20.0
-1.91511736885436, 2.147069419458195, 1.5446399379809153, -12.211495472965021, 6.901414321579114, -2.5787252306035593, -20.0, -20.0, -20.0
-1.9212301914121757, 2.150514252955403, 1.5432623220351305, -12.239794758298187, 6.87791966725419, -2.9317385525354234, -20.0, -20.0, -20.0
-1.9273571528077877, 2.1539473353285734, 1.5417081949947267, -12.268050824150205, 6.854409825426452, -3.284769609079366, -20.0, -20.0, -20.0
-1.9334982311320836, 2.157368662670638, 1.539977542084103, -12.296262473033334, 6.830899542832138, -3.6378420334151373, -20.0, -20.0, -20.0
-1.9396534038649444, 2.1607782384414658, 1.5380703366756763, -12.324428458409548, 6.807403540479507, -3.9909796002917712, -20.0, -20.0, -20.0
-1.945822647850051, 2.1641760734548874, 1.535986540217044, -12.35254748201689, 6.7839365132073715, -4.344206234236729, -20.0, -20.0, -20.0
-1.952005939268355, 2.167562185865501, 1.5337261021540496, -12.380618191199272, 6.7605131292466405, -4.697546017741122, -20.0, -20.0, -20.0
-1.9582032536102145, 2.1709366011552573, 1.5312889598497612, -12.408639176238095, 6.737148029779634, -5.051023199412292, -20.0, -20.0, -20.0
-1.964414565646195, 2.1742993521198253, 1.528675038499387, -12.436608967683977, 6.713855828491762, -5.404662202084525, -20.0, -20.0, -20.0
-1.9706398493965378, 2.1776504788547255, 1.5258842510411463, -12.464526033686688, 6.69065111111004, -5.758487630878098, -20.0, -20.0, -20.0
-1.9768790780992898, 2.180990028741234, 1.5229164980631278, -12.492388777321338, 6.667548434922737, -6.11252428119624, -20.0, -20.0, -20.0
-1.9831322241770972, 2.184318056432033, 1.5197716677061666, -12.520195533908625, 6.644562328274257, -6.46679714664895, -20.0, -20.0, -20.0
-1.9893992592026561, 2.1876346238366087, 1.5164496355627815, -12.547944568326844, 6.621707290029148, -6.821331426891878, -20.0, -20.0, -20.0
-1.9956801538628162, 2.190939800106366, 1.5129502645722166, -12.575634072313171, 6.598997788998889, -7.176152535367747, -20.0, -20.0, -20.0
-2.001974877921332, 2.194233661619447, 1.5092734049116405, -12.603262161751509, 6.576448263324847, -7.531286106936941, -20.0, -20.0, -20.0
-2.008283400180256, 2.197516291965231, 1.5054188938835604, -12.630826873944043, 6.554073119810508, -7.886758005383053, -20.0, -20.0, -20.0
-2.014605688439958, 2.2007877819284825, 1.50138655579952, -12.658326164863393, 6.531886733195766, -8.242594330778209, -20.0, -20.0, -20.0
-2.020941709457769, 2.204048229473123, 1.4971762018601524, -12.685757906382053, 6.509903445365729, -8.598821426692027, -20.0, -20.0, -20.0
-2.0272914289052335, 2.2072977397255857, 1.4927876300316727, -12.713119883475553, 6.488137564486091, -8.955465887226977, -20.0, -20.0, -20.0
-2.0336548113239514, 2.2105364249577213, 1.4882206249189005, -12.74040979139557, 6.466603364056764, -9.312554563861772, -20.0, -20.0, -20.0
-2.0400318200800025, 2.213764404569204, 1.4834749576349142, -12.767625232808914, 6.445315081874986, -9.670114572083229, -20.0, -20.0, -20.0
-2.046422417316929, 2.2169818050693975, 1.478550385667447, -12.794763714898103, 6.424286918898666, -10.028173297785706, -20.0, -20.0, -20.0
-2.0528265639072583, 2.220188760058622, 1.4734466527421466, -12.821822646418905, 6.403533038000238, -10.386758403415888, -20.0, -20.0, -20.0
-2.0592442194025407, 2.2233854102087722, 1.4681634886828328, -12.84879933471002, 6.383067562600709, -10.745897833839173, -20.0, -20.0, -20.0
-2.0656753419818807, 2.2265719032432156, 1.4627006092688974, -12.87569098264971, 6.362904575173051, -11.1056198219024, -20.0, -20.0, -20.0
-2.0721198883989316, 2.22974839391591, 1.4570577160900053, -12.902494685553945, 6.343058115603422, -11.465952893665927, -20.0, -20.0, -20.0
-2.0785778139273225, 2.23291504398966, 1.4512344963982697, -12.929207428010296, 6.323542179398055, -11.826925873276378, -20.0, -20.0, -20.0
-2.0850490723044857, 2.2360720222134405, 1.4452306229580882, -12.955826080641495, 6.304370715722936, -12.188567887449402, -20.0, -20.0, -20.0
-2.091533615673844, 2.2392195042986867, 1.4390457538938435, -12.98234739679231, 6.285557625262615, -12.550908369529845, -20.0, -20.0, -20.0
-2.0980313945253255, 2.242357672894473, 1.4326795325356874, -13.00876800913298, 6.267116757883714, -12.913977063094585, -20.0, -20.0, -20.0
-2.104542357634152, 2.245486717561466, 1.4261315872636484, -13.03508442617223, 6.249061910087792, -13.277804025061013, -20.0, -20.0, -20.0
-2.1110664519978632, 2.2486068347445474, 1.4194015313503177, -13.061293028672472, 6.231406822237345, -13.642419628261736, -20.0, -20.0, -20.0
-2.1176036227715214, 2.251718227743991, 1.4124889628023913, -13.08739006595954, 6.214165175537727, -14.007854563443548, -20.0, -20.0, -20.0
-2.124153813201041, 2.2548211066850645, 1.405393464201369, -13.113371652118929, 6.197350588756751, -14.37413984064598, -20.0, -20.0, -20.0
-2.1307169645545883, 2.2579156884859195, 1.3981146025437294, -13.139233762070216, 6.180976614662634, -14.74130678991192, -20.0, -20.0, -20.0
-2.1372930160519834, 2.261002196823625, 1.3906519290809316, -13.16497222751102, 6.165056736159804, -15.10938706127972, -20.0, -20.0, -20.0
-2.1438819047920417, 2.26408086209819, 1.3830049791596108, -13.19058273272151, 6.149604362100859, -15.47841262400302, -20.0, -20.0, -20.0
-2.150483565677777, 2.267151921394403, 1.3751732720623748, -13.216060810220212, 6.134632822751684, -15.848415764941143, -20.0, -20.0, -20.0
-2.1570979313393974, 2.2702156184413123, 1.3671563108496247, -13.241401836261533, 6.120155364885399, -16.219429086059293, -20.0, -20.0, -20.0
-2.163724932055004, 2.2732722035691535, 1.3589535822028664, -13.266601026165151, 6.106185146479349, -16.591485500974073, -20.0, -20.0, -20.0
-2.1703644956689123, 2.27632193366352, 1.350564556270004, -13.291653429467154, 6.092735230987912, -16.964618230475796, -20.0, -20.0, -20.0
-2.1770165475075, 2.2793650721165575, 1.3419886865131463, -13.316553924882536, 6.07981858116229, -17.33886079695495, -20.0, -20.0, -20.0
-2.1836810102924877, 2.282401888774945, 1.3332254095594935, -13.3412972150685, 6.067448052386848, -17.714247017655715, -20.0, -20.0, -20.0
-2.1903578040515495, 2.2854326598844166, 1.3242741450559108, -13.365877821177722, 6.055636385499847, -18.09081099667486, -20.0, -20.0, -20.0
-2.1970468460261414, 2.2884576680305577, 1.3151342955278371, -13.390290077190636, 6.044396199064658, -18.468587115619517, -20.0, -20.0, -20.0
-2.203748050576443, 2.291477202075588, 1.3058052462432241, -13.414528124015646, 6.033739981055704, -18.847610022832214, -20.0, -20.0, -20.0
-2.2104613290832833, 2.294491557090832, 1.2962863650822445, -13.438585903346059, 6.023680079921454, -19.227914621086406, -20.0, -20.0, -20.0
-2.2171865898469356, 2.2975010342845588, 1.2865770024135603, -13.46245715126251, 6.014228694984856, -19.609536053650125, -20.0, -20.0, -20.0
-2.2239237379826435, 2.30050594092484, 1.2766764909779953, -13.486135391569654, 6.005397866139546, -19.992509688609736, -20.0, -20.0, -20.0
-2.23067267531275, 2.3035065902570744, 1.2665841457805078, -13.509613928855943, 5.9971994627981235, -20.37687110133989, -20.0, -20.0, -20.0
-2.2374333002552804, 2.3065033014157854, 1.256299263991423, -13.532885841265497, 5.989645172046623, -20.762656054999656, -20.0, -20.0, -20.0
-2.2442055077088394, 2.3094963993302864, 1.245821124857941, -13.555943972971207, 5.982746485957205, -21.14990047892854, -20.0, -20.0, -20.0
-2.250989188933667, 2.312486214623778, 1.2351489896270065, -13.578780926338581, 5.976514688008877, -21.538640444809676, -20.0, -20.0, -20.0
-2.2577842314286944, 2.315473083505421, 1.2242821014806888, -13.601389053770195, 5.970960838563878, -21.92891214046095, -20.0, -20.0, -20.0
-2.264590518804442, 2.318457347654898, 1.2132196854852966, -13.623760449221106, 5.96609575934517, -22.3207518411081, -20.0, -20.0, -20.0
-2.2714079306515913, 2.321439354098949, 1.2019609485555227, -13.645886939376222, 5.961930016858338, -22.71419587798714, -20.0, -20.0, -20.0
-2.2782363424050556, 2.3244194550793384, 1.1905050794349967, -13.667760074481357, 5.95847390469904, -23.109280604116808, -20.0, -20.0, -20.0
-2.285075625203381, 2.3273980079116847, 1.178851248694699, -13.689371118820574, 5.9557374246851555, -23.506042357074833, -20.0, -20.0, -20.0
-2.2919256457432944, 2.3303753748345435, 1.1669986087507789, -13.710711040833495, 5.953730266750779, -23.90451741860547, -20.0, -20.0, -20.0
-2.2987862661292198, 2.3333519228481157, 1.1549462939034076, -13.731770502867471, 5.9524617875374215, -24.304741970879135, -20.0, -20.0, -20.0
-2.3056573437175767, 2.336328023541904, 1.1426934203983832, -13.75253985056092, 5.951940987616122, -24.706752049218952, -20.0, -20.0, -20.0
-2.312538730955681, 2.3393040529106264, 1.1302390865133027, -13.773009101855752, 5.952176487272729, -25.11058349110315, -20.0, -20.0, -20.0
-2.3194302752150544, 2.3422803911576415, 1.1175823726702152, -13.793167935638703, 5.953176500787447, -25.516271881247008, -20.0, -20.0, -20.0
-2.3263318186189674, 2.345257422485123, 1.1047223415767626, -13.813005680013454, 5.954948809138864, -25.92385249256339, -20.0, -20.0, -20.0
-2.333243197864023, 2.3482355348701733, 1.0916580383979226, -13.832511300207836, 5.957500731062225, -26.33336022279689, -20.0, -20.0, -20.0
-2.3401642440356056, 2.351215119826037, 1.0783884909605674, -13.851673386123045, 5.960839092391649, -26.744829526623793, -20.0, -20.0, -20.0
-2.3470947824170203, 2.354196572147539, 1.0649127099931595, -13.870480139534846, 5.964970193616494, -27.15829434300815, -20.0, -20.0, -20.0
-2.354034632292144, 2.357180289639839, 1.0512296894030064, -13.888919360960013, 5.969899775583172, -27.573788017603828, -20.0, -20.0, -20.0
-2.3609836067414354, 2.3601666728295534, 1.037338406593607, -13.906978436204984, 5.975632983275513, -27.991343219993517, -20.0, -20.0, -20.0
-2.367941512431141, 2.3631561246572748, 1.023237822824719, -13.924644322617777, 5.982174327609385, -28.410991855558787, -20.0, -20.0, -20.0
-2.3749081493955626, 2.3661490501504723, 1.0089268836178842, -13.941903535068727, 5.989527645180813, -28.832764971780378, -20.0, -20.0, -20.0
-2.3818833108122526, 2.3691458560757455, 0.9944045192102452, -13.958742131690508, 5.997696055911409, -29.25669265877569, -20.0, -20.0, -20.0
-2.3888667827700285, 2.3721469505693586, 0.9796696450595785, -13.97514569941331, 6.006681918540668, -29.682803943891045, -20.0, -20.0, -20.0
-2.395858344029716, 2.3751527427449743, 0.9647211624035608, -13.991099339336902, 6.016486783921755, -30.1111266801801, -20.0, -20.0, -20.0
-2.402857765777547, 2.3781636422774763, 0.9495579588763614, -14.006587651987642, 6.02711134608595, -30.54168742861741, -20.0, -20.0, -20.0
-2.409864811371173, 2.3811800589617604, 0.9341789091857275, -14.02159472251539, 6.0385553910510845, -30.974511333917885, -20.0, -20.0, -20.0
-2.416879236078275, 2.3842024022453634, 0.9185828758537833, -14.03610410589261, 6.050817743361273, -31.409621993859183, -20.0, -20.0, -20.0
-2.4239007868077946, 2.3872310807337933, 0.9027687100248095, -14.05009881218584, 6.063896210359189, -31.847041322035786, -20.0, -20.0, -20.0
-2.4309292018338358, 2.390266501667435, 0.8867352523432979, -14.0635612919781, 6.077787524208255, -32.28678940401068, -20.0, -20.0, -20.0
-2.437964210512338, 2.3933090703689124, 0.8704813339055766, -14.076473422029661, 6.0924872817005555, -32.72888434687424, -20.0, -20.0, -20.0
-2.4450055329906637, 2.3963591896598144, 0.8540057772882904, -14.088816491273942, 6.107989881907255, -33.17334212227028, -20.0, -20.0, -20.0
-2.452052879910296, 2.399417259245729, 0.837307397656971, -14.100571187255046, 6.124288461751982, -33.6201764030074, -20.0, -20.0, -20.0
-2.4591059521028904, 2.4024836750685705, 0.8203850039578593, -14.111717583123554, 6.141374829614196, -34.0693983934394, -20.0, -20.0, -20.0
-2.4661644402800005, 2.405558828625249, 0.8032374001960311, -14.122235125317603, 6.159239397099084, -34.521016653873495, -20.0, -20.0, -20.0
-2.4732280247168466, 2.4086431062518097, 0.7858633868027255, -14.132102622066865, 6.177871109143329, -34.975036919348625, -20.0, -20.0, -20.0
-2.48029637493058, 2.411736888372261, 0.7682617620945834, -14.141298232867678, 6.197257372662014, -35.43146191321961, -20.0, -20.0, -20.0
-2.487369149353569, 2.414840548711422, 0.750431323827257, -14.149799459088218, 6.21738398398127, -35.89029115608638, -20.0, -20.0, -20.0
-2.4944459950023092, 2.4179544534712534, 0.7323708708455551, -14.157583135872922, 6.238235055343921, -36.351520770721294, -20.0, -20.0, -20.0
-2.501526547142659, 2.4210789604702945, 0.7140792048319318, -14.164625425525246, 6.259792940821335, -36.81514328377183, -20.0, -20.0, -20.0
-2.5086104289521796, 2.4242144182460033, 0.6955551321547011, -14.170901812557094, 6.282038162013794, -37.28114742515083, -20.0, -20.0, -20.0
-2.515697251180469, 2.42736116512, 0.6767974658168705, -14.176387100601456, 6.304949333973849, -37.749517926171585, -20.0, -20.0, -20.0
-2.5227866118084674, 2.430519528226454, 0.6578050275059175, -14.18105541139178, 6.3285030918418625, -38.22023531764033, -20.0, -20.0, -20.0
-2.5298780957078195, 2.4336898225040993, 0.6385766497441868, -14.184880186016944, 6.352674018740038, -38.69327572928262, -20.0, -20.0, -20.0
-2.53697127430149, 2.436872349652667, 0.619111178138853, -14.187834188663995, 6.377434575529963, -39.168610692052866, -20.0, -20.0, -20.0
-2.544065705226921, 2.440067397054824, 0.599407473729576, -14.189889513061742, 6.402755033098488, -39.64620694505509, -20.0, -20.0, -20.0
-2.5511609320031456, 2.4432752366650727, 0.5794644154310654, -14.191017591836227, 6.428603407896728, -40.12602624898719, -20.0, -20.0, -20.0
-2.558256483703351, 2.446496123867426, 0.5592809025667668, -14.191189208983731, 6.454945401516048, -40.60802520820729, -20.0, -20.0, -20.0
-2.565351874634511, 2.4497302963040903, 0.5388558574887882, -14.190374515657616, 6.481744345141974, -41.09215510370731, -20.0, -20.0, -20.0
-2.5724466040257883, 2.452977972677821, 0.518188228277996, -14.188543049451548, 6.508961149780508, -41.5783617394614, -20.0, -20.0, -20.0
-2.579540155727487, 2.456239351531066, 0.49727699151693266, -14.185663757342944, 6.536554263199967, -42.06658530479213, -20.0, -20.0, -20.0
-2.586631997922432, 2.459514610005509, 0.47612115512684444, -14.181705022436226, 6.5644796345731695, -42.55676025556081, -20.0, -20.0, -20.0
-2.593721582851695, 2.462803902586112, 0.4547197612586706, -14.176634694615222, 6.592690687837899, -43.048815217134596, -20.0, -20.0, -20.0
-2.600808346556643, 2.4661073598342758, 0.43307188922633516, -14.170420125177413, 6.621138304815798, -43.54267291220715, -20.0, -20.0, -20.0
-2.607891708639307, 2.4694250871152645, 0.411176658469122, -14.163028205479142, 6.649770819139109, -44.038250116645465, -20.0, -20.0, -20.0
-2.6149710720430694, 2.4727571633255563, 0.3890332315283115, -14.15442540957026, 6.678534022028639, -44.535457646596555, -20.0, -20.0, -20.0
-2.6220458228556467, 2.476103639626299, 0.3666408170216353, -14.144577840738666, 6.707371180942739, -45.0342003801081, -20.0, -20.0, -20.0
-2.6291153301362864, 2.4794645381895535, 0.34399867259748595, -14.133451281819852, 6.736223072073681, -45.53437731648937, -20.0, -20.0, -20.0
-2.636178945769005, 2.4828398509644725, 0.3211061078492242, -14.121011249053945, 6.765028027602485, -46.03588167655754, -20.0, -20.0, -20.0
-2.6432360043435668, 2.4862295384710067, 0.29796248716839163, -14.107223049193284, 6.793721998534085, -46.538601046772875, -20.0, -20.0, -20.0
-2.6502858230657345, 2.489633528629095, 0.27456723251418363, -14.092051839477717, 6.822238633820193, -47.04241757005917, -20.0, -20.0, -20.0
-2.657327701698105, 2.4930517156316343, 0.2509198260752116, -14.075462690003434, 6.850509376336105, -47.547208185828914, -20.0, -20.0, -20.0
-2.664360922532585, 2.496483958869746, 0.22701981279840877, -14.057420647915242, 6.878463576109512, -48.052844921382494, -20.0, -20.0, -20.0
-2.671384750395252, 2.4999300819190244, 0.2028668027589567, -14.037890802753163, 6.906028621004038, -48.55919523642583, -20.0, -20.0, -20.0
-2.678398432683986, 2.503389871595485, 0.17846047334436244, -14.01683835218348, 6.933130084838681, -49.06612242195117, -20.0, -20.0, -20.0
-2.685401199438843, 2.5068630770898643, 0.15380057122533608, -13.994228667243862, 6.959691892678175, -49.57348605415429, -20.0, -20.0, -20.0
-2.6923922634446873, 2.510349409188724, 0.12888691408594194, -13.970027356133793, 6.985636502761082, -50.081142503422264, -20.0, -20.0, -20.0
-2.699370820365093, 2.5138485395904757, 0.10371939208565448, -13.944200325487612, 7.010885104245823, -50.58894549772759, -20.0, -20.0, -20.0
-2.7063360489059596, 2.5173601003239505, 0.07829796902646854, -13.916713837980033, 7.03535782965426, -51.096746739016154, -20.0, -20.0, -20.0
-2.7132871110067134, 2.52088368327651, 0.05262268319911645, -13.887534565035619, 7.0589739805833975, -51.60439657039222, -20.0, -20.0, -20.0
-2.7202231520563087, 2.524418839837892, 0.026693647883743767, -13.85662963334648, 7.08165226494456, -52.11174469109851, -20.0, -20.0, -20.0
-2.7271433011306074, 2.527965080665049, 0.0005110514820987309, -13.823966663848518, 7.103311043683089, -52.618640915481635, -20.0, -20.0, -20.0
-2.7340466712470115, 2.531521875572129, -0.025924842739607396, -13.789513801767754, 7.12386858463774, -53.124935971342865, -20.0, -20.0, -20.0
-2.740932359631535, 2.5350886535485198, -0.052613697315523934, -13.753239736326115, 7.1432433209254595, -53.63048233232329, -20.0, -20.0, -20.0
-2.7477994479927896, 2.5386648029064993, -0.07955510166817548, -13.715113708691502, 7.161354110992066, -54.13513507828287, -20.0, -20.0, -20.0
-2.754647002796655, 2.5422496715585625, -0.10674857363200313, -13.675105506770446, 7.17812049726012, -54.63875277702777, -20.0, -20.0, -20.0
-2.761474075534716, 2.545842567422912, -0.13419356142132036, -13.63318544547297, 7.193462960139128, -55.14119838024117, -20.0, -20.0, -20.0
-2.768279702978866, 2.5494427589539583, -0.1618894460479057, -13.589324331127457, 7.207303164046286, -55.64234012610018, -20.0, -20.0, -20.0
-2.7750629074138446, 2.553049475792976, -0.18983554418963886, -13.543493408786635, 7.2195641920231415, -56.142052440832444, -20.0, -20.0, -20.0
-2.7818226968388515, 2.5566619095323637, -0.21803111150769602, -13.495664291241715, 7.230170765528222, -56.64021683139627, -20.0, -20.0, -20.0
-2.7885580651288238, 2.5602792145852558, -0.24647534640593674, -13.445808868647118, 7.239049446039514, -57.13672276156659, -20.0, -20.0, -20.0
-2.7952679921454227, 2.563900509150569, -0.275167394222324, -13.393899197748823, 7.246128815213203, -57.631468503982425, -20.0, -20.0, -20.0
-2.80195144378731, 2.567524876262001, -0.3041063518386098, -13.339907369800903, 7.251339630514089, -58.12436196116082, -20.0, -20.0, -20.0
-2.8086073719688454, 2.571151364907993, -0.3332912726911754, -13.28380535634174, 7.254614953454007, -58.61532144910177, -20.0, -20.0, -20.0
-2.81523471451595, 2.574778991208317, -0.36272117216292354, -13.225564832078385, 7.255890247841115, -59.10427643789073, -20.0, -20.0, -20.0
-2.821832394967517, 2.578406739631714, -0.39239503333355485, -13.16515697418848, 7.255103445746721, -59.59116824463455, -20.0, -20.0, -20.0
-2.8283993222704114, 2.5820335642379577, -0.42231181306349475, -13.102552237388053, 7.252194979227898, -60.075950675125064, -20.0, -20.0, -20.0
-2.8349343903557895, 2.5856583899268126, -0.45247044838522377, -13.037720104124283, 7.247107776192155, -60.55859061179106, -20.0, -20.0, -20.0
-2.8414364775841277, 2.5892801136756467, -0.4828698631748588, -12.970628809228876, 7.239787219143421, -61.039068546749135, -20.0, -20.0, -20.0
-2.847904446046011, 2.592897605746906, -0.5135089750765641, -12.901245038304094, 7.23018106589393, -61.51737906007213, -20.0, -20.0, -20.0
-2.854337140705338, 2.5965097108462927, -0.544386702652766, -12.829533599004122, 7.2182393316520255, -61.99353124473528, -20.0, -20.0, -20.0
-2.8607333883711425, 2.600115249212253, -0.5755019727342123, -12.755457064213738, 7.203914132189299, -62.46754908104993, -20.0, -20.0, -20.0
-2.867091996483673, 2.60371301761731, -0.6068537279456576, -12.678975385908819, 7.187159488040273, -62.939471764731316, -20.0, -20.0, -20.0
-2.8734117516997015, 2.607301790261791, -0.6384409343853531, -12.600045478203803, 7.167931089883478, -63.409353994050704, -20.0, -20.0, -20.0
-2.8796914182611886, 2.610880319540608, -0.6702625894395606, -12.51862076774434, 7.146186025384666, -63.87726622277932, -20.0, -20.0, -20.0
-2.8859297361304206, 2.6144473366639147, -0.7023177297169633, -12.434650709183288, 7.121882467842682, -64.34329488683117, -20.0, -20.0, -20.0
-2.892125418873461, 2.618001552112615, -0.7346054390920835, -12.348080262978675, 7.094979326958795, -64.80754261365003, -20.0, -20.0, -20.0
-2.898277151272247, 2.6215416559098412, -0.7671248568516119, -12.258849332165939, 7.0654358619450335, -65.27012842446368, -20.0, -20.0, -20.0
-2.9043835866438075, 2.625066317689575, -0.7998751859428661, -12.166892154075294, 7.033211256990735, -65.73118794055318, -20.0, -20.0, -20.0
-2.910443343842871, 2.6285741865435264, -0.8328557013294218, -12.072136642178222, 6.998264158814289, -66.19087360566944, -20.0, -20.0, -20.0
-2.9164550039215014, 2.6320638906271387, -0.8660657584652625, -11.974503672342562, 6.960552175634368, -66.64935493769342, -20.0, -20.0, -20.0
-2.9224171064162716, 2.6355340365051467, -0.8995048019055869, -11.873906306738393, 6.92003133639672, -67.1068188236045, -20.0, -20.0, -20.0
-2.9283281452298184, 2.638983208216367, -0.9331723740796942, -11.770248947448568, 6.876655508483222, -67.56346987282491, -20.0, -20.0, -20.0
-2.9341865640692997, 2.6424099660363383, -0.9670681242591712, -11.663426410476045, 6.830375771402309, -68.01953084508301, -20.0, -20.0, -20.0
-2.9399907513992383, 2.645812844914965, -1.0011918177629737, -11.553322909277991, 6.781139743105063, -68.47524317012713, -20.0, -20.0, -20.0
-2.945739034860348, 2.6491903525643856, -1.0355433454499983, -11.439810935161498, 6.7288908545776245, -68.93086757797103, -20.0, -20.0, -20.0
-2.9514296750990905, 2.6525409671698332, -1.0701227335594703, -11.322750019808511, 6.673567567213247, -69.38668485991725, -20.0, -20.0, -20.0
-2.9570608589447454, 2.6558631346931736, -1.1049301539700604, -11.201985362811623, 6.6151025261474, -69.84299678244341, -20.0, -20.0, -20.0
-2.9626306918615337, 2.6591552657350164, -1.1399659349602254, -11.077346304342669, 6.55342164122303, -70.3001271782164, -20.0, -20.0, -20.0
-2.9681371895925888, 2.6624157319167, -1.1752305725650527, -10.948644619877587, 6.488443085511297, -70.7584232410929, -20.0, -20.0, -20.0
-2.973578268900105, 2.665642861737905, -1.210724742639089, -10.815672610188109, 6.420076199310014, -71.21825705505226, -20.0, -20.0, -20.0
-2.9789517372915264, 2.6688349358590413, -1.2464493137505215, -10.678200955496152, 6.348220285235167, -71.68002739067767, -20.0, -20.0, -20.0
-2.9842552816048182, 2.67199018174969, -1.282405361049978, -10.53597629767065, 6.272763277359843, -72.14416180714842, -20.0, -20.0, -20.0
-2.9894864553063654, 2.6751067676351004, -1.3185941812774726, -10.38871850851753, 6.193580264281706, -72.6111191028305, -20.0, -20.0, -20.0
-2.9946426643323574, 2.678182795661783, -1.3550173090940694, -10.236117595450157, 6.110531842449319, -73.08139216355613, -20.0, -20.0, -20.0
-2.9997211512782207, 2.68121629419039, -1.3916765349511244, -10.077830188002912, 6.023462271977799, -73.55551126466402, -20.0, -20.0, -20.0
-3.0047189777101315, 2.684205209109, -1.428573924740018, -9.913475539640537, 5.932197402461595, -74.03404789091014, -20.0, -20.0, -20.0
-3.0096330043372954, 2.6871473940423343, -1.4657118414996202, -9.74263096901581, 5.836542330876853, -74.51761914749912, -20.0, -20.0, -20.0
-3.014459868742844, 2.690040599311929, -1.5030929694979205, -9.564826653178624, 5.736278747503384, -75.00689284570178, -20.0, -20.0, -20.0
-3.0191959603242067, 2.692882459478522, -1.5407203410487627, -9.37953967227263, 5.631161918867893, -75.50259335766705, -20.0, -20.0, -20.0
-3.0238373920400665, 2.6956704792705053, -1.5785973664748658, -9.18618719116737, 5.520917249064838, -76.00550834674577, -20.0, -20.0, -20.0
-3.0283799685000443, 2.6984020176709267, -1.6167278676843573, -8.984118648743138, 5.405236352620438, -76.51649649122002, -20.0, -20.0, -20.0
-3.0328191498650106, 2.7010742699000088, -1.6551161158895407, -8.772606811122591, 5.283772563708564, -77.0364963295134, -20.0, -20.0, -20.0
-3.037150010950978, 2.7036842469906186, -1.6937668740623197, -8.550837532746737, 5.156135798731342, -77.56653636160276, -20.0, -20.0, -20.0
-3.0413671948496095, 2.7062287526111355, -1.7326854447879494, -8.317898061779717, 5.0218866833354765, -78.10774654091585, -20.0, -20.0, -20.0
-3.0454648602972596, 2.7087043567452325, -1.7718777242426165, -8.072763728821005, 4.880529853051929, -78.66137127775212, -20.0, -20.0, -20.0
-3.049436621949047, 2.7111073657941396, -1.8113502630720737, -7.814282878328834, 4.731506342576171, -79.22878404007658, -20.0, -20.0, -20.0
-3.0532754826569732, 2.71343378862933, -1.8511103349736042, -7.541159953376072, 4.5741849981864675, -79.81150356604535, -20.0, -20.0, -20.0
-3.056973756831994, 2.715679298101483, -1.8911660137582333, -7.251936746707681, 4.407852890424325, -80.41121157247149, -20.0, -20.0, -20.0
-3.060522984022746, 2.7178391875203154, -1.9315262595564073, -6.944972016300829, 4.231704784906017, -81.02977162022472, -20.0, -20.0, -20.0
-3.0639138320219823, 2.719908321684357, -1.9722010145687159, -6.618419980644534, 4.044831871260632, -81.6692484290091, -20.0, -20.0, -20.0
-3.0671359892000947, 2.721881082199481, -2.0132013082614657, -6.270208731804613, 3.84621018923509, -82.33192634198971, -20.0, -20.0, -20.0
-3.0701780464937065, 2.7237513071418036, -2.0545393710248145, -5.898020442643313, 3.634689580054681, -83.02032471140618, -20.0, -20.0, -20.0
-3.0730273707431985, 2.725512225688564, -2.0962287538399567, -5.499276555324873, 3.4089846069864707, -83.73720654916228, -20.0, -20.0, -20.0
-3.075669973165759, 2.7271563892996866, -2.1382844491392587, -5.071133134916844, 3.1676698375043255, -84.48557464804588, -20.0, -20.0, -20.0
-3.0780903800793733, 2.728675602582668, -2.180723004369734, -4.61049451953988, 2.909183294420984, -85.26864627385461, -20.0, -20.0, -20.0
-3.0802715181015636, 2.730060859383238, -2.2235626142414766, -4.114057569222102, 2.631843907857089, -86.08979321311578, -20.0, -20.0, -20.0
-3.0821946335818904, 2.731302293241156, -2.2668231696347174, -3.5784043520857196, 2.3338915238155176, -86.95242835984787, -20.0, -20.0, -20.0
-3.083839276595286, 2.7323891564557785, -2.3105262301195686, -3.0001677014969212, 2.0135613346740278, -87.85981357955735, -20.0, -20.0, -20.0
-3.0851833936054662, 2.7333098487571905, -2.354694872996721, -2.376300339224592, 1.6692078709739149, -88.81475792905195, -20.0, -20.0, -20.0
-3.086203588856142, 2.734052024548233, -2.3993533560600904, -1.7044806634786407, 1.2994952931954968, -89.81917432442631, -20.0, -20.0, -20.0
-3.0868756290025643, 2.7346028152089534, -2.4445265180919256, -0.9836799222112849, 0.9036673496862343, -90.87347380291436, -20.0, -20.0, -20.0
-3.087175270377349, 2.7349492062441443, -2.4902388392055728, -0.21488557692872556, 0.48189679107692424, -91.97581065167508, -20.0, -20.0, -20.0
-3.0870794699579385, 2.735078601559095, -2.5365131068393247, 0.5980872545714774, 0.03568446872723863, -93.1212598833335, -20.0, -20.0, -20.0
-3.0865679826993024, 2.734979580550152, -2.583368699361171, 1.4478617799726328, -0.43176850449925147, -94.30111020405096, -20.0, -20.0, -20.0
-3.0856252390671446, 2.734642802457069, -2.6308196166393185, 2.323112748658687, -0.9153438678336462, -95.50255890853936, -20.0, -20.0, -20.0
-3.0842422515638916, 2.7340619424719645, -2.6788725374502373, 3.208837264352809, -1.4080960725828333, -96.709124335136, -20.0, -20.0, -20.0
-3.082418172185376, 2.7332344807412072, -2.7275253074004904, 4.087480249709658, -1.9017508504455631, -97.9019554658757, -20.0, -20.0, -20.0
-3.080161097662377, 2.7321621487976793, -2.7767662710083854, 4.940817842287279, -2.3875769236665727, -99.06189896570461, -20.0, -20.0, -20.0
-3.0774878556966057, 2.7308508982275814, -2.82657470093023, 5.752150020796391, -2.8574253567252557, -100.17182072167458, -20.0, -20.0, -20.0
-3.0744227747946264, 2.7293103822787614, -2.8769222846604356, 6.508173587120352, -3.304638438554039, -101.21851419914725, -20.0, -20.0, -20.0
-3.070995720903173, 2.727553075951395, -2.9277753379709117, 7.200041978693303, -3.7245868709122725, -102.19369904275622, -20.0, -20.0, -20.0
-3.067239840971171, 2.7255932389292123, -2.9790972644064775, 7.823477749313669, -4.114761217817137, -103.09400669950745, -20.0, -20.0, -20.0
-3.06318943484426, 2.723445921608992, -3.030850817764772, 8.378146758329974, -4.474508063063795, -103.9202067336705, -20.0, -20.0, -20.0
-3.0588782336281852, 2.721126149793506, -3.082999888112758, 8.866658105969558, -4.804579198880824, -104.67607465827419, -20.0, -20.0, -20.0
-3.054338189571848, 2.7186483426687964, -3.135510718909087, 9.293518119379579, -5.106649299956886, -105.36724852704145, -20.0, -20.0, -20.0
-3.049598750241737, 2.716025955497778, -3.188352600522721, 9.664239201063033, -5.382899384116442, -106.00027792749488, -20.0, -20.0, -20.0
-3.0446865207736185, 2.7132713045602497, -3.2414981535286307, 9.984678671411345, -5.6357043659962285, -106.58193409614373, -20.0, -20.0, -20.0
-3.039625200864588, 2.7103955225048693, -3.2949233283525365, 10.26060096471054, -5.867423855526288, -107.11876519947906, -20.0, -20.0, -20.0
-3.034435695734456, 2.7074085972617126, -3.3486072308113792, 10.4974195558172, -6.080277117100232, -107.61684463589164, -20.0, -20.0, -20.0
-3.0291363239752003, 2.7043194582598766, -3.4025318556849693, 10.700067481206748, -6.2762788902427635, -108.081654858469, -20.0, -20.0, -20.0
-3.023743069105781, 2.7011360846720183, -3.4566817839218906, 10.87295199646883, -6.457215461191136, -108.51805808921605, -20.0, -20.0, -20.0
-3.018269841130428, 2.697865619485677, -3.5110438779439765, 11.019959904944084, -6.624645284172597, -108.93031799912848, -20.0, -20.0, -20.0
-3.012728728515444, 2.6945144798541456, -3.5656069944568483, 11.14449055499287, -6.779913241954446, -109.32214805235886, -20.0, -20.0, -20.0
-3.00713023044184, 2.6910884586792703, -3.6203617242608623, 11.249501739423103, -6.924171457547055, -109.69677116369728, -20.0, -20.0, -20.0
-3.0014834651111406, 2.6875928152364517, -3.6753001624459913, 11.337559583374793, -7.058402313727207, -110.05698157681805, -20.0, -20.0, -20.0
-2.995796353366238, 2.6840323543629796, -3.7304157088328505, 11.410887396235072, -7.1834411801619025, -110.40520397061758, -20.0, -20.0, -20.0
-2.990075778787587, 2.680411494686414, -3.7857028966637247, 11.471410918369164, -7.299997526099905, -110.74354735287974, -20.0, -20.0, -20.0
-2.984327726339708, 2.676734326850169, -3.841157246705641, 11.520798873147696, -7.40867381887997, -111.07385281478594, -20.0, -20.0, -20.0
-2.978557401975818, 2.673004662887216, -3.8967751436770213, 11.560498582412729, -7.509982032931293, -111.39773507073512, -20.0, -20.0, -20.0
-2.972769335615938, 2.669226077921324, -3.9525537319823774, 11.591766857106222, -7.604357830635049, -111.71661815068893, -20.0, -20.0, -20.0
-2.9669674697538633, 2.6654019453140885, -4.0084908279732065, 11.615696591192483, -7.692172598306946, -112.03176581262765, -20.0, -20.0, -20.0
-2.9611552357145325, 2.6615354662709385, -4.064584846252554, 11.633239566130245, -7.773743574292713, -112.34430730476197, -20.0, -20.0, -20.0
-2.9553356193288023, 2.657629694797165, -4.120834737852328, 11.645225976791222, -7.849342320800611, -112.6552590943315, -20.0, -20.0, -20.0
-2.9495112175458305, 2.6536875587708786, -4.177239938408346, 11.652381155095556, -7.919201784345653, -112.96554312974142, -20.0, -20.0, -20.0
-2.9436842872779367, 2.6497118777817565, -4.233800324725043, 11.65533991647893, -7.983522172142175, -113.27600213704613, -20.0, -20.0, -20.0
-2.937856787574112, 2.6457053782763063, -4.29051617835488, 11.654658898819838, -8.042475849659002, -113.58741238230238, -20.0, -20.0, -20.0
-2.9320304160468886, 2.6416707064535445, -4.347388155016524, 11.65082721007437, -8.096211441387306, -113.90049426426881, -20.0, -20.0, -20.0
-2.9262066403312135, 2.6376104392695443, -4.404417258842643, 11.644275652625742, -8.144857294613551, -114.21592104020938, -20.0, -20.0, -20.0
-2.92038672523047, 2.6335270938344815, -4.461604820585749, 11.635384750347109, -8.18852444563864, -114.53432593221409, -20.0, -20.0, -20.0
-2.9145717561007265, 2.6294231354206024, -4.518952479021946, 11.624491768626239, -8.227309209877323, -114.856307812575, -20.0, -20.0, -20.0
-2.9087626589366704, 2.6253009842427053, -4.576462164881088, 11.611896887598634, -8.261295501711095, -115.18243562399189, -20.0, -20.0, -20.0
-2.9029602175488116, 2.62116302112309, -4.634136086700393, 11.597868663836724, -8.290556976749032, -115.51325165322928, -20.0, -20.0, -20.0
-2.897165088159118, 2.6170115921093933, -4.691976718049908, 11.582648894936904, -8.315159078037542, -115.84927374482903, -20.0, -20.0, -20.0
-2.891377811689372, 2.6128490120752788, -4.74998678561468, 11.566456984046438, -8.335161058419873, -116.19099651425769, -20.0, -20.0, -20.0
-2.885598823971697, 2.608677567299856, -4.808169257642565, 11.549493886654535, -8.350618043271263, -116.5388915972864, -20.0, -20.0, -20.0
-2.879828464072711, 2.6044995169913516, -4.866527332280527, 11.531945709289063, -8.3615831907469, -116.8934069545604, -20.0, -20.0, -20.0
-2.8740669808907535, 2.6003170936936826, -4.925064425328562, 11.51398701854222, -8.36810999992842, -117.25496523757865, -20.0, -20.0, -20.0
-2.8683145381589683, 2.5961325024911455, -4.9837841569417884, 11.495783908597813, -8.37025481022053, -117.62396121532969, -20.0, -20.0, -20.0
-2.8625712179653884, 2.5919479189067545, -5.042690336810762, 11.47749686572185, -8.368079527344214, -118.00075826056496, -20.0, -20.0, -20.0
-2.8568370228842954, 2.58776548537453, -5.101786947351489, 11.459283458650672, -8.36165460155304, -118.38568390234383, -20.0, -20.0, -20.0
-2.851111876801085, 2.5835873061562684, -5.161078124444191, 11.441300874191473, -8.351062271493367, -118.77902446846095, -20.0, -20.0, -20.0
-2.845395624505671, 2.579415440570472, -5.220568135278588, 11.42370830746378, -8.336400071692678, -119.18101886913018, -20.0, -20.0, -20.0
-2.8396880301273018, 2.5752518944069593, -5.280261352899162, 11.406669206012609, -8.317784582357982, -119.59185161316411, -20.0, -20.0, -20.0
-2.833988774486639, 2.5710986094172203, -5.3401622271026294, 11.390353356638634, -8.295355376597369, -120.01164520070746, -20.0, -20.0, -20.0
-2.8282974514490906, 2.5669574507999866, -5.400275251428389, 11.374938793555296, -8.269279092338065, -120.44045210232949, -20.0, -20.0, -20.0
-2.8226135633764544, 2.5628301926457286, -5.460604926106856, 11.360613496989282, -8.239753524694034, -120.87824661153915, -20.0, -20.0, -20.0
-2.8169365157913413, 2.5587185013643725, -5.5211557169955405, 11.347576843462413, -8.207011600730938, -121.32491694319877, -20.0, -20.0, -20.0
-2.8112656113895063, 2.554623917197971, -5.5819320107408545, 11.336040763878282, -8.171325064874885, -121.7802580380577, -20.0, -20.0, -20.0
-2.8056000435573987, 2.5505478340134773, -5.642938066654146, 11.326230564552759, -8.133007673101387, -122.24396561510825, -20.0, -20.0, -20.0
-2.799938889573528, 2.5464914776771876, -5.704177966077261, 11.318385370929162, -8.092417672057458, -122.7156320773534, -20.0, -20.0, -20.0
-2.7942811036894857, 2.5424558834264963, -5.765655560323964, 11.3127581652401, -8.049959330707296, -123.19474490945564, -20.0, -20.0, -20.0
-2.7886255102959905, 2.538441872768215, -5.827374418599706, 11.309615408741564, -8.006083302416513, -123.68068819351089, -20.0, -20.0, -20.0
-2.7829707973771725, 2.5344500305352757, -5.889337777597907, 11.3092362665306, -7.961285629340561, -124.17274779929332, -20.0, -20.0, -20.0
-2.777315510438668, 2.530480682812581, -5.951548494715123, 11.31191148748765, -7.916105261437953, -124.6701206695699, -20.0, -20.0, -20.0
-2.7716580470589416, 2.526533876484916, -6.01400900698721, 11.317942031417624, -7.871120049222275, -125.17192841877835, -20.0, -20.0, -20.0
-2.765996652156937, 2.5226093611530236, -6.076721297892854, 11.327637576601779, -7.826941278347677, -125.67723520380096, -20.0, -20.0, -20.0
-2.760329413992947, 2.518706574099237, -6.139686874076113, 11.34131507935705, -7.784206936799445, -126.18506952923477, -20.0, -20.0, -20.0
-2.754654260826078, 2.5148246288576543, -6.202906753795197, 11.359297588119315, -7.7435740295302224, -126.69444934710123, -20.0, -20.0, -20.0
-2.7489689580455963, 2.510962307758707, -6.26638146851687, 11.381913533808346, -7.705710366258624, -127.20440953958821, -20.0, -20.0, -20.0
-2.743271105481393, 2.5071180585843056, -6.33011107856956, 11.409496723005505, -7.671286331347411, -127.71403067117397, -20.0, -20.0, -20.0
-2.737558134488095, 2.503289995204319, -6.394095203186136, 11.442387250187533, -7.6409671885985455, -128.2224677951289, -20.0, -20.0, -20.0
-2.731827304295071, 2.499475901789115, -6.458333064664418, 11.480933521907458, -7.615406472218331, -128.72897811800195, -20.0, -20.0, -20.0
-2.7260756970261326, 2.495673239928856, -6.522823545810521, 11.525495553846325, -7.595240968817933, -129.23294646640994, -20.0, -20.0, -20.0
-2.720300210720841, 2.491879157758684, -6.587565259364053, 11.576449667318865, -7.581087711870299, -129.73390774771786, -20.0, -20.0, -20.0
-2.7144975496334864, 2.4880905000049736, -6.65255662778095, 11.634194682099542, -7.5735433029707195, -130.23156591986853, -20.0, -20.0, -20.0
-2.7086642110419756, 2.484303817739192, -6.71779597159765, 11.699159683944362, -7.573185760155563, -130.72580934693477, -20.0, -20.0, -20.0
-2.7027964677602054, 2.4805153765518386, -6.7832816046283675, 11.771813443137, -7.58057898925829, -131.21672277593564, -20.0, -20.0, -20.0
-2.6968903455049236, 2.476721161830974, -6.849011934445512, 11.852675577989663, -7.596279894200584, -131.70459649264262, -20.0, -20.0, -20.0
-2.690941594211562, 2.4729168798333485, -6.9149855669374976, 11.94232959545578, -7.62084809630061, -132.1899334752982, -20.0, -20.0, -20.0
-2.6849456523130217, 2.4690979532527413, -6.981201414194606, 12.041437998705888, -7.654858226127452, -132.6734555531379, -20.0, -20.0, -20.0
-2.6788976028819533, 2.4652595100001453, -7.0476588055053595, 12.150759725567262, -7.698914784256712, -133.15610968987582, -20.0, -20.0, -20.0
-2.672792120383811, 2.461396363895211, -7.114357601816972, 12.271170267002077, -7.753669635481369, -133.639075556574, -20.0, -20.0, -20.0
-2.6666234065911945, 2.4575029859120283, -7.181298314591415, 12.40368490346516, -7.819842297249127, -134.12377554119783, -20.0, -20.0, -20.0
-2.660385113971147, 2.453573464513516, -7.2484822305434315, 12.549485576724257, -7.898243296798899, -134.61188826686774, -20.0, -20.0, -20.0
-2.6540702545856583, 2.449601453442353, -7.315911544247308, 12.709951965230855, -7.989800987853202, -135.1053665486403, -20.0, -20.0, -20.0
-2.647671092264872, 2.4455801051167403, -7.383589501004364, 12.886697317914335, -8.095592314597548, -135.60646047958255, -20.0, -20.0, -20.0
-2.6411790155690333, 2.4415019875250272, -7.451520552608469, 13.081609465440916, -8.21687805225455, -136.117745936838, -20.0, -20.0, -20.0
-2.634584388935194, 2.437358982267052, -7.519710528622825, 13.29689706991676, -8.355142979646612, -136.64215812058856, -20.0, -20.0, -20.0
-2.627876379560593, 2.4331421612352413, -7.588166825299737, 13.535140428488592, -8.512141147594672, -137.18302858706036, -20.0, -20.0, -20.0
-2.6210427582667792, 2.428841639516607, -7.656898613021103, 13.799344746766632, -8.689945726943044, -137.7441222984042, -20.0, -20.0, -20.0
-2.6140696742473155, 2.4244464026913044, -7.7259170605994285, 14.092991331088239, -8.891001574266678, -138.32966801489565, -20.0, -20.0, -20.0
-2.6069414069119365, 2.419944108244273, -7.795235570161491, 14.4200780104281, -9.118176213857554, -138.944370233356, -20.0, -20.0, -20.0
-2.599640104036179, 2.415320863993166, -7.86487000847067, 14.785133492601789, -9.374800790572488, -139.59338300336026, -20.0, -20.0, -20.0
-2.592145525553569, 2.410560992309034, -7.934838907862396, 15.193180437839672, -9.664685945955714, -140.28221456354447, -20.0, -20.0, -20.0
-2.5844348283431477, 2.4056467988560946, -8.005163590703672, 15.649608403844567, -9.992087865801203, -141.016516801564, -20.0, -20.0, -20.0
-2.5764824507922115, 2.4005583801036967, -8.075868144230387, 16.159901799899593, -10.361587143790025, -141.8016973052979, -20.0, -20.0, -20.0
-2.568260186573278, 2.395273525752478, -8.146979138967074, 16.72915507583426, -10.77783026108455, -142.64228164144743, -20.0, -20.0, -20.0
-2.5597375701027745, 2.3897677986459183, -8.21852495084043, 17.36131080617997, -11.24507816515404, -143.5409658519804, -20.0, -20.0, -20.0
-2.550882717538747, 2.3840148980793496, -8.290534532553997, 18.05809944992839, -11.766524101121014, -144.49736100228088, -20.0, -20.0, -20.0
-2.541663750243532, 2.377987415871956, -8.363035515640043, 18.817769730932863, -12.343404728454168, -145.50657134190374, -20.0, -20.0, -20.0
-2.532050837472255, 2.371658052967153, -8.436051649144341, 19.63388135417434, -12.974046890759135, -146.55796267529158, -20.0, -20.0, -20.0
-2.5220187109324925, 2.3650012565196765, -8.509599810299644, 20.494624804875023, -13.653138899146395, -147.63468194591724, -20.0, -20.0, -20.0
-2.5115492593141187, 2.357995073040054, -8.58368710462696, 21.383181668620935, -14.37159501934388, -148.71449536335254, -20.0, -20.0, -20.0
-2.5006336192351033, 2.350622856467299, -8.658308764579157, 22.279378647441177, -15.117271271676747, -149.77214444543506, -20.0, -20.0, -20.0
-2.489273188729282, 2.342874422564517, -8.733447487585023, 23.162343375844404, -15.87646433945133, -150.78274757802797, -20.0, -20.0, -20.0
-2.4774792630979223, 2.334746367354008, -8.809074476836054, 24.013359149594383, -16.635756502584016, -151.7252094260981, -20.0, -20.0, -20.0
-2.465271417515403, 2.3262415227902467, -8.885151924440866, 24.818023180482367, -17.38362175246114, -152.58458099314655, -20.0, -20.0, -20.0
-2.4526751111263136, 2.3173677722460266, -8.961636283746046, 25.56720237587645, -18.11138042441948, -153.3528562275743, -20.0, -20.0, -20.0
-2.439719101527898, 2.3081365710579376, -9.038481591749278, 26.256836017786284, -18.813424327936993, -154.02837578535716, -20.0, -20.0, -20.0
-2.4264331430212205, 2.298561490412311, -9.115642288635854, 26.88699800892243, -19.48689825456923, -154.61441176095047, -20.0, -20.0, -20.0
-2.4128462206958434, 2.288656988108172, -9.193075274136879, 27.460691292585892, -20.131110961986753, -155.1175302431518, -20.0, -20.0, -20.0
-2.39898536959239, 2.278437485336435, -9.270741189436688, 27.982713121226233, -20.746900124961694, -155.5461309560861, -20.0, -20.0, -20.0
-2.3848750026854315, 2.267916740259663, -9.34860505617522, 28.4587545066082, -21.336080182125798, -155.9093359980399, -20.0, -20.0, -20.0
-2.37053662229902, 2.2571074651903698, -9.426636450575606, 28.894767039038285, -21.901020095047283, -156.21624160349972, -20.0, -20.0, -20.0
-2.355988789971108, 2.246021122950863, -9.504809378569917, 29.296562272609172, -22.444348862979425, -156.47547037374278, -20.0, -20.0, -20.0
-2.341247252745911, 2.2346678443721633, -9.583101981499082, 29.669586628179612, -22.96876545182054, -156.69494134292233, -20.0, -20.0, -20.0
-2.326325151868632, 2.2230564216337516, -9.661496162680399, 30.018816880935038, -23.47692550182592, -156.88178338234567, -20.0, -20.0, -20.0
-2.3112332644977323, 2.2111943450980798, -9.739977192267242, 30.348732602663578, -23.971380640861394, -157.04233496502835, -20.0, -20.0, -20.0
-2.2959802477480347, 2.199087861932805, -9.818533323706214, 30.663334396126782, -24.454552020237184, -157.18219079086234, -20.0, -20.0, -20.0
-2.2805728673536803, 2.1867420426144766, -9.897155438846804, 30.96618718129169, -24.928725253077413, -157.30626977149822, -20.0, -20.0, -20.0
-2.2650162016926454, 2.1741608467067235, -9.975836728516654, 31.260475462848195, -25.39605837793495, -157.41888890790534, -20.0, -20.0, -20.0
-2.249313817140557, 2.1613471826903035, -10.054572409318482, 31.5490627455056, -25.858597687745842, -157.52383429940744, -20.0, -20.0, -20.0
-2.2334679137871705, 2.1483029586561844, -10.13335947408721, 31.834550668040013, -26.318298448730346, -157.62442477551176, -20.0, -20.0, -20.0
-2.2174794422284543, 2.1350291218077437, -10.212196471834007, 32.11933556682498, -26.777048945031666, -157.72356621167344, -20.0, -20.0, -20.0
-2.2013481929630028, 2.1215256852818114, -10.291083312401497, 32.40566149498136, -27.236697158697734, -157.823796058288, -20.0, -20.0, -20.0
-2.185072860208528, 2.107791741012731, -10.370021091012187, 32.69566952291744, -27.6990799176239, -157.9273183844764, -20.0, -20.0, -20.0
-2.1686510819196174, 2.0938254573699866, -10.449011928130007, 32.99144363272431, -28.16605465335409, -158.03603008680477, -20.0, -20.0, -20.0
-2.1520794575563853, 2.0796240601812115, -10.52805882040597, 33.29505382020494, -28.639534101746865, -158.15153901704826, -20.0, -20.0, -20.0
-2.135353544798234, 2.065183795551821, -10.60716549885018, 33.608597212401165, -29.12152441581509, -158.27517475978738, -20.0, -20.0, -20.0
-2.1184678359593194, 2.050499872627561, -10.686336290719511, 33.934238143257076, -29.614167281225214, -158.40799271754366, -20.0, -20.0, -20.0
-2.1014157143644305, 2.0355663841186806, -10.76557598192161, 34.274248236298185, -30.119786754296435, -158.55077209085502, -20.0, -20.0, -20.0
-2.0841893903946, 2.0203762020068696, -10.844889677021966, 34.63104764302419, -30.640941692948076, -158.70400831056278, -20.0, -20.0, -20.0
-2.066779816309367, 2.004920845375894, -10.924282654229225, 35.00724869790809, -31.180484830954885, -158.86790051847532, -20.0, -20.0, -20.0
-2.0491765782862577, 1.9891903167274934, -11.003760213065094, 35.4057033945301, -31.741629762647374, -159.0423348249981, -20.0, -20.0, -20.0
-2.0313677633664615, 1.9731729024442726, -11.083327512851536, 35.82955628465389, -32.328027370235624, -159.22686432077248, -20.0, -20.0, -20.0
-2.0133397981249663, 1.9568549322119093, -11.162989400732931, 36.282304681326686, -32.94385355921712, -159.42068720480418, -20.0, -20.0, -20.0
-1.9950772548429627, 1.9402204911712584, -11.242750228767129, 36.76786844668794, -33.59391060338627, -159.62262493198713, -20.0, -20.0, -20.0
-1.9765626196766126, 1.9232510772711355, -11.322613660747626, 37.29067221871265, -34.28374499710478, -159.8311029900009, -20.0, -20.0, -20.0
-1.9577760156831985, 1.9059251946317473, -11.402582470942525, 37.85574375494417, -35.01978556044791, -160.0441377895952, -20.0, -20.0, -20.0
-1.9386948714306853, 1.8882178715453204, -11.482658338934069, 38.4688332551086, -35.80950678525949, -160.2593341765788, -20.0, -20.0, -20.0
-1.919293523060207, 1.8701000887830501, -11.562841647280871, 39.136560226803965, -36.66162426382138, -160.4738992106308, -20.0, -20.0, -20.0
-1.8995427337761954, 1.8515380997594695, -11.643131291845519, 39.8665969092428, -37.58633183050141, -160.68467904795665, -20.0, -20.0, -20.0
-1.8794091093473555, 1.8324926182397197, -11.723524518344426, 40.66790080611672, -38.59559424849788, -160.88822694767453, -20.0, -20.0, -20.0
-1.8588543806457096, 1.8129178407793092, -11.80401680297052, 41.551014000467134, -39.70351559314368, -161.0809115566978, -20.0, -20.0, -20.0
-1.8378345135477798, 1.7927602586391373, -11.884601799799777, 42.52845439125208, -40.926812967543476, -161.259075760333, -20.0, -20.0, -20.0
-1.8162985912034673, 1.771957195540711, -11.96527138317494, 43.61523498599796, -42.28543942616209, -161.41925774031998, -20.0, -20.0, -20.0
-1.7941873915058189, 1.7504349803163657, -12.046015819609636, 44.829563804595324, -43.80342147121942, -161.55848799846277, -20.0, -20.0, -20.0
-1.7714315500711708, 1.7281066226267816, -12.126824111616001, 46.19380193399641, -45.51000928711692, -161.67468002700085, -20.0, -20.0, -20.0
