-0.018599800942622608, 0.02984673596597616, -0.0046418571807877625, -66.46973140800078, 106.67669003030055, -16.54296573820645, -20.0, 20.0, 20.0
-0.03259436797587328, 0.052193863477446936, -0.007741939573260249, 10.491463274998125, -17.288179984417425, 4.142636168316503, -20.0, -20.0, 20.0
-0.03716768680363803, 0.059290780450991516, -0.008052698649789181, -28.78473858605713, 45.675847878595754, -5.385672474432237, -20.0, 20.0, 20.0
-0.0569604021842406, 0.09076937236707583, -0.011991646719358127, -50.38612293635317, 80.23851978574149, -10.370119803843547, -20.0, 20.0, 20.0
-0.07601945712994818, 0.12100516902292156, -0.015465513564915195, -25.85009684647712, 40.70466683764144, -3.525347578384727, -20.0, 20.0, 20.0
-0.09021643507762414, 0.14336281841567994, -0.017411702291031003, -30.937814944226723, 48.725930733392076, -4.259407326078507, -20.0, 20.0, 20.0
-0.10512323275616141, 0.1667896171580739, -0.019258194786306786, -28.68937576992236, 44.98126423618366, -3.126562655024631, -20.0, 20.0, 20.0
-0.11904594885752329, 0.18856935674160732, -0.020574553234510712, -27.001488635525135, 42.13769409795006, -2.1388711377910643, -20.0, 20.0, 20.0
-0.13221625407411197, 0.20907442970400433, -0.021420822392281897, -25.679732230829632, 39.882597751638016, -1.246205493293679, -20.0, 20.0, 20.0
-0.14478790157682656, 0.2285519546077346, -0.0218369733395248, -24.60685778002868, 38.02750186328296, -0.41839829567793807, -20.0, 20.0, 20.0
-0.1568678036138602, 0.24717375517983317, -0.02185092917599817, -23.71275036810592, 36.459700425111365, 0.36257494978446503, -20.0, 20.0, 20.0
-0.16853412182333322, 0.26506544020711165, -0.021483225452594595, -22.952522469786125, 35.10703968400249, 1.1082399438298238, -20.0, 20.0, 20.0
-0.17984621495950787, 0.28232239431041856, -0.02074957289809175, -22.29585007491246, 33.92077672922512, 1.8263702741815595, -20.0, 20.0, 20.0
-0.19085051824759316, 0.2990192291139374, -0.019662372275901126, -21.72136307742875, 32.86656248485041, 2.5224322145809355, -20.0, 20.0, 20.0
-0.2015842291733094, 0.3152157084238627, -0.01823166427031874, -21.213480625436226, 31.919354754850836, 3.200399807748609, -20.0, 20.0, 20.0
-0.21207772961055402, 0.3309606421514761, -0.01646575390387635, -20.760521123542286, 31.060380155602612, 3.863241658020963, -20.0, 20.0, 20.0
-0.22235623977537072, 0.3462945454341327, -0.014371637100398533, -20.353519535724505, 30.275232975023858, 4.513225555890296, -20.0, 20.0, 20.0
-0.23244098415102304, 0.36125151326469845, -0.011955301546377497, -19.985457966884827, 29.55263834723924, 5.1521166601938475, -20.0, 20.0, 20.0
-0.24235003574262795, 0.37586057803934575, -0.009221944697298631, -19.6507483995348, 28.883620751349888, 5.781310736121618, -20.0, 20.0, 20.0
-0.25209894160098045, 0.3901467154934154, -0.006176135441604955, -19.344875033875276, 28.26092906492863, 6.401926286653086, -20.0, 20.0, 20.0
-0.26170119558193644, 0.40413160506338414, -0.0028219364120847744, -19.064140889948778, 27.67862921494632, 7.014869831427638, -20.0, 20.0, 20.0
-0.27116860190792114, 0.417834214706764, 0.0008370018349935855, -18.80548441398998, 27.131809358573214, 7.620883156885803, -20.0, 20.0, 20.0
-0.28051155906946434, 0.43127125766141566, 0.004797367166087007, -18.56634423218282, 26.616362460033343, 8.220578167487883, -20.0, 20.0, 20.0
-0.28973928456041903, 0.44445755408748433, 0.009056127464621193, -18.344557731635877, 26.128823244241335, 8.814463026648864, -20.0, 20.0, 20.0
-0.29885999495898574, 0.4574063209199972, 0.013610483736728601, -18.138283862631027, 25.666244085810185, 9.402962061780773, -20.0, 20.0, 20.0
-0.3078810518200293, 0.47012940675522613, 0.01845783203431935, -17.94594358154314, 25.22609925510549, 9.986431128582215, -20.0, 20.0, 20.0
-0.3168090810505011, 0.4826374841030699, 0.02359573222097238, -17.76617334034413, 24.806210136269474, 10.565169618029909, -20.0, 20.0, 20.0
-0.3256500714756363, 0.49494020818029655, 0.02902188211211253, -17.597788360196688, 24.404686172637078, 11.139429946530688, -20.0, 20.0, 20.0
-0.3344094568996994, 0.5070463491626648, 0.034734095882604746, -17.43975333605589, 24.019877756835836, 11.709425135438186, -20.0, 20.0, 20.0
-0.34309218494644433, 0.5189639031764643, 0.0407302858973167, -17.29115885092377, 23.650338298362524, 12.275334923409629, -20.0, 20.0, 20.0
-0.3517027752151994, 0.5307001861055276, 0.047008447313235925, -17.151202224096387, 23.294793417890713, 12.83731074026727, -20.0, 20.0, 20.0
-0.3602453687303979, 0.5422619133925737, 0.05356664494551873, -17.019171836697673, 22.95211573029363, 13.39547978886394, -20.0, 20.0, 20.0
-0.36872377024183756, 0.553655268337682, 0.06040300199820318, -16.894434209060783, 22.62130405013966, 13.949948421873847, -20.0, 20.0, 20.0
-0.3771414846126644, 0.5648859608817843, 0.06751569034284723, -16.776423274246557, 22.301466126269688, 14.500804956702371, -20.0, 20.0, 20.0
-0.38550174828571604, 0.5759592784669961, 0.07490292209183584, -16.664631417960116, 21.991804214577446, 15.048122039252066, -20.0, 20.0, 20.0
-0.3938075566276065, 0.5868801302581393, 0.08256294226238341, -16.55860194960186, 21.691602949995218, 15.59195864293822, -20.0, 20.0, 20.0
-0.4020616878001907, 0.5976530857690655, 0.09049402236584526, -16.45792274073472, 21.40021909370931, 16.132361770909192, -20.0, 20.0, 20.0
-0.4102667236908556, 0.6082824087473759, 0.09869445478740597, -16.362220821924975, 21.117072819532392, 16.669367915333645, -20.0, 20.0, 20.0
-0.4184250683391003, 0.6187720870200368, 0.10716254784542739, -16.271157771053836, 20.84164027111109, 17.203004316752008, -20.0, 20.0, 20.0
-0.4265389642215976, 0.6291258588813861, 0.11589662143912685, -16.18442575893519, 20.57344717428564, 17.73329005804581, -20.0, 20.0, 20.0
-0.43461050669725665, 0.6393472365074883, 0.1248950032088798, -16.101744143700966, 20.312063330123244, 18.260237020965985, -20.0, 20.0, 20.0
-0.442641656864586, 0.6494395268016767, 0.13415602514610767, -16.022856525616366, 20.05709784663077, 18.783850727945488, -20.0, 20.0, 20.0
-0.4506342530434947, 0.6594058500115677, 0.14367802060003879, -15.947528190018282, 19.808194992933288, 19.304131087778995, -20.0, 20.0, 20.0
-0.4585900210607174, 0.6692491564048749, 0.15345932163709372, -15.87554387887247, 19.565030580295588, 19.821073060440703, -20.0, 20.0, 20.0
-0.4665105834908681, 0.6789722412476759, 0.16349825671561566, -15.80670584173036, 19.327308790908287, 20.33466725364706, -20.0, 20.0, 20.0
-0.4743974679825948, 0.6885777582925853, 0.17379314864443116, -15.740832125176404, 19.094759388729344, 20.844900461614902, -20.0, 20.0, 20.0
-0.48225211478054075, 0.6980682319541511, 0.1843423127985124, -15.67775506660739, 18.86713525753419, 21.351756154710078, -20.0, 20.0, 20.0
-0.4900758835381168, 0.7074460683235844, 0.19514405556900102, -15.617319963696945, 18.64421022019868, 21.855214927244358, -20.0, 20.0, 20.0
-0.4978700595028963, 0.716713565153764, 0.20619667302818595, -15.559383895421133, 18.425777100520047, 22.355254909495336, -20.0, 20.0, 20.0
-0.505635859145314, 0.7258729209276154, 0.21749844979282093, -15.503814674249277, 18.211645994884936, 22.851852149044607, -20.0, 20.0, 20.0
-0.5133744352919242, 0.7349262431078534, 0.22904765807151073, -15.450489912191529, 18.0016427260671, 23.344980965714605, -20.0, 20.0, 20.0
-0.5210868818164626, 0.7438755556532639, 0.2408425568838651, -15.399296185962223, 17.7956074555752, 23.834614283702916, -20.0, 20.0, 20.0
-0.5287742379351187, 0.7527228058757647, 0.25288139144077576, -15.35012828866222, 17.593393434428084, 24.320723943939736, -20.0, 20.0, 20.0
-0.5364374921465795, 0.7614698707031554, 0.2651623926765632, -15.30288855718109, 17.3948658751347, 24.803280999210003, -20.0, 20.0, 20.0
-0.5440775858523831, 0.7701185624044635, 0.27768377692490837, -15.257486266033013, 17.19990093009769, 25.282255994170484, -20.0, 20.0, 20.0
-0.551695416688796, 0.7786706338279188, 0.29044374573146137, -15.213837079618331, 17.008384763723548, 25.757619232041492, -20.0, 20.0, 20.0
-0.5592918415976971, 0.7871277831956679, 0.3034404857968348, -15.171862555986298, 16.820212707272862, 26.22934102945217, -20.0, 20.0, 20.0
-0.5668676796607177, 0.7954916584942298, 0.31667216904436274, -15.131489696096358, 16.63528848697444, 26.69739196065965, -20.0, 20.0, 20.0
-0.5744237147180824, 0.8037638614952732, 0.3301369528075624, -15.092650533362184, 16.45352351719954, 27.16174309213895, -20.0, 20.0, 20.0
-0.5819606977911571, 0.8119459514374688, 0.34383298013268376, -15.055281758936557, 16.274836251582727, 27.62236620834658, -20.0, 20.0, 20.0
-0.5894793493255848, 0.8200394483968427, 0.35775838019209355, -15.019324378774085, 16.09915158591261, 28.079234029292664, -20.0, 20.0, 20.0
-0.5969803612700302, 0.8280458363701766, 0.3719112688045191, -14.984723399007638, 15.926400307422849, 28.532320420409462, -20.0, 20.0, 20.0
-0.6044643990039335, 0.8359665660934851, 0.3862897490583906, -14.951427536605536, 15.75651858581124, 28.98160059507656, -20.0, 20.0, 20.0
-0.6119321031262474, 0.8438030576154175, 0.40089191203467256, -14.919388952650252, 15.5894475019186, 29.427051310051446, -20.0, 20.0, 20.0
-0.619384091115886, 0.851556702643528, 0.41571583762567477, -14.888563005904196, 15.42513261052325, 29.868651053957304, -20.0, 20.0, 20.0
-0.6268209588735149, 0.8592288666796994, 0.4307595954463881, -14.858908024611168, 15.263523534162639, 30.30638022889587, -20.0, 20.0, 20.0
-0.63424328215335, 0.8668208909595627, 0.44602124583490727, -14.830385094729314, 15.10457358529057, 30.740221325180798, -20.0, 20.0, 20.0
-0.6416516178927844, 0.8743340942094915, 0.46149884093848376, -14.80295786300787, 14.948239414424386, 31.170159089125207, -20.0, 20.0, 20.0
-0.6490465054469138, 0.8817697742336572, 0.4771904258817063, -14.776592353509896, 14.79448068223841, 31.596180683765024, -20.0, 20.0, 20.0
-0.6564284677343788, 0.8891292093426727, 0.49309404001323676, -14.751256796350114, 14.643259753823402, 32.01827584235678, -20.0, 20.0, 20.0
-0.6637980123003573, 0.8964136596345189, 0.5092077182274394, -14.72692146756398, 14.494541413561569, 32.43643701445386, -20.0, 20.0, 20.0
-0.6711556323020367, 0.9036243681377261, 0.5255294923571375, -14.703558539153613, 14.348292599267058, 32.850659504338736, -20.0, 20.0, 20.0
-0.6785018074214427, 0.9107625618261469, 0.5420573926336146, -14.681141938470642, 14.204482154416183, 33.2609416015696, -20.0, 20.0, 20.0
-0.6858370047101097, 0.9178294525141116, 0.558789449209854, -14.659647216196923, 14.063080597442921, 33.66728470338791, -20.0, 20.0, 20.0
-0.6931616793697273, 0.9248262376402739, 0.575723693742883, -14.639051422273356, 13.924059907206166, 34.06969342872831, -20.0, 20.0, 20.0
-0.700476275472597, 0.9317541009480375, 0.5928581610309586, -14.619332989205745, 13.787393323847917, 34.4681757235738, -20.0, 20.0, 20.0
-0.7077812266254601, 0.938614213070089, 0.6101908907012036, -14.600471622246234, 13.653055164358086, 34.862742957406475, -20.0, 20.0, 20.0
-0.7150769565800241, 0.9454077320242394, 0.6277199289431845, -14.582448196010144, 13.521020652243626, 35.25341001051748, -20.0, 20.0, 20.0
-0.7223638797933122, 0.9521358036274925, 0.6454433302838035, -14.565244657141994, 13.39126576076868, 35.640195351958575, -20.0, 20.0, 20.0
-0.7296424019407707, 0.9587995618350071, 0.6633591593987785, -14.54884393269189, 13.263767069289896, 36.023121107941414, -20.0, 20.0, 20.0
-0.7369129203849198, 0.9654001290103942, 0.6814654929558936, -14.533229843904962, 13.138501632258066, 36.40221312051896, -20.0, 20.0, 20.0
-0.7441758246021868, 0.9719386161335825, 0.6997604214851274, -14.518387025162747, 13.015446860495041, 36.77750099641594, -20.0, 20.0, 20.0
-0.7514314965704392, 0.9784161229523023, 0.7182420512707093, -14.504300847846833, 12.894580414384405, 37.149018145911505, -20.0, 20.0, 20.0
-0.7586803111196314, 0.9848337380830575, 0.7369085062601163, -14.490957348922318, 12.775880108636695, 37.51680181171641, -20.0, 20.0, 20.0
-0.7659436329899267, 0.9912561618880444, 0.7556023729571698, -14.56233013225912, 12.913815111310972, 37.25866497649786, -20.0, 20.0, 1.6300224697397425
-0.7732665235082415, 0.9978205909010023, 0.7739851302800167, -14.729231941000249, 13.343900940520268, 36.27236431488967, -20.0, 20.0, -20.0
-0.7806706968808483, 1.0045961949895679, 0.7918767030390826, -14.887461549426849, 13.758515413742176, 35.293926721373936, -20.0, 20.0, -20.0
-0.788151884088486, 1.0115753411407375, 0.8092810705241222, -15.037287281124108, 14.158069190936537, 34.32354321878447, -20.0, 20.0, -20.0
-0.7956956690503487, 1.0187203472520148, 0.8262766758436709, -15.137852566326536, 14.421955254172415, 33.65887805941034, -20.0, 20.0, -11.071337319925078
-0.8032986354150772, 1.0260248674261683, 0.8428672992099756, -15.27401289258727, 14.796125442441284, 32.70361540580836, -20.0, 20.0, -20.0
-0.8109324810726211, 1.0334104817553527, 0.8592354845558208, -15.261369737588298, 14.746331874295851, 32.76912597757252, -20.0, 20.0, 10.638167102617444
-0.8185954442061241, 1.0408733180429603, 0.875384224943888, -15.390482796423832, 15.105013276134477, 31.82583557469646, -20.0, 20.0, -20.0
-0.8263211516718904, 1.0485121795372125, 0.8910634679729056, -15.512347066641333, 15.450432700873913, 30.891136541373733, -20.0, 20.0, -20.0
-0.8341060422250423, 1.0563205414541843, 0.9062775205425908, -15.627215145966312, 15.783014967013148, 29.965073737366986, -20.0, 20.0, -20.0
-0.8419378964879474, 1.0642671735817666, 0.9210928613118241, -15.70020190565437, 16.003513543316068, 29.296289339566428, -20.0, 20.0, -12.345491202644553
-0.8498046494293657, 1.072320611868414, 0.9355787742067886, -15.766809860019181, 16.2102396032744, 28.647362240291304, -20.0, 20.0, -11.926678565633665
-0.8577043401961018, 1.0804773394243372, 0.949737037340964, -15.831953206925034, 16.416670620418127, 27.985690296410567, -20.0, 20.0, -12.514474765289378
-0.8656299747483915, 1.0887197019294104, 0.9636054157956577, -15.870585002234183, 16.552779399874368, 27.487823522364057, -20.0, 20.0, -7.604454196720326
-0.8735883580552019, 1.0970679719180283, 0.9771271221413473, -15.962948225007198, 16.84030055459707, 26.599001860394285, -20.0, 20.0, -20.0
-0.8815461343310845, 1.105431952523948, 0.9905245184018161, -15.868156878523715, 16.615621869081338, 26.990583181480563, -20.0, 20.0, 20.0
-0.8895029473821403, 1.113809977948414, 1.003800215953712, -15.959095325699593, 16.89647982878262, 26.112207026103544, -20.0, 20.0, -20.0
-0.8975038356564952, 1.1223258345362284, 1.0166388740844783, -16.04445777171976, 17.16694652247486, 25.242425496961744, -20.0, 20.0, -20.0
-0.9055460623467647, 1.13097442175994, 1.029044770454447, -16.12444898935861, 17.427402372371482, 24.381159982912994, -20.0, 20.0, -20.0
-0.9136051447802528, 1.13969155091841, 1.0411747731429373, -16.111880744593734, 17.441114261508268, 24.138850771048357, -20.0, 20.0, -0.467989518552713
-0.9216797193253313, 1.1484741845387665, 1.053032257001761, -16.186417435720227, 17.689420219917327, 23.29108466424662, -20.0, 20.0, -20.0
-0.9297662998430802, 1.157314031553411, 1.064635783162477, -16.1599046352754, 17.669967838660096, 23.12301997861765, -20.0, 20.0, 1.659695288896728
-0.9378637566715706, 1.1662084416525125, 1.0759885789469221, -16.229922678686233, 17.907672557745723, 22.2881631591627, -20.0, 20.0, -20.0
-0.9459778491916043, 1.1751736320672372, 1.0870461654902344, -16.226447401448745, 17.953089101153523, 21.94218301408647, -20.0, 20.0, -4.362901200770466
-0.9541071919905842, 1.1842066382383454, 1.0978119512340916, -16.290923794470793, 18.178935583279387, 21.120959961342496, -20.0, 20.0, -20.0
-0.9622240468821318, 1.1932350646604026, 1.1084740465175833, -16.176495771719335, 17.934770104949628, 21.527421172624123, -20.0, 20.0, 20.0
-0.97032850028834, 1.202258092354738, 1.1190348050290642, -16.24131785311323, 18.157340672391133, 20.71561287329903, -20.0, 20.0, -20.0
-0.9784642899907582, 1.2113904187297821, 1.1291916291023252, -16.30184095655958, 18.37196482778604, 19.911683419744858, -20.0, 20.0, -20.0
-0.9866162887009331, 1.2205940895586467, 1.1390395923114787, -16.306153884140155, 18.442718487672337, 19.480169416869096, -20.0, 20.0, -7.894404715828841
-0.9947726626755722, 1.2298390190148514, 1.1486553935571389, -16.3193420144162, 18.536999337146472, 18.983035565771242, -20.0, 20.0, -10.223273023058027
-1.0029215175270183, 1.2390946353944965, 1.1581201100724219, -16.27607739136866, 18.485466181434344, 18.875830495360802, -20.0, 20.0, 2.661285985570885
-1.0110731140775153, 1.2483870997150475, 1.1673628849533007, -16.330308810619364, 18.68439110076986, 18.09526902815407, -20.0, 20.0, -20.0
-1.019217325421449, 1.2576907235864199, 1.1764533268201092, -16.246536565115004, 18.5301043847196, 18.266498439080063, -20.0, 20.0, 11.847170943548917
-1.0273539386003891, 1.2670044117162336, 1.1853938889253395, -16.299916150645817, 18.724648134535165, 17.495749981840778, -20.0, 20.0, -20.0
-1.0355163227365671, 1.2764137109324865, 1.1939508801198662, -16.34962039406613, 18.912548730476203, 16.732214796265644, -20.0, 20.0, -20.0
-1.0436612030992727, 1.2858094029084783, 1.2024210152335606, -16.22990105675591, 18.67021917349112, 17.148325658511833, -20.0, 20.0, 20.0
-1.051788832959565, 1.2951911019478566, 1.2108063367884991, -16.28061838441392, 18.856576984022283, 16.392960561241914, -20.0, 20.0, -20.0
-1.0599409511592677, 1.3046644260390474, 1.2188157116384486, -16.32785441439635, 19.03671938074143, 15.64453883855601, -20.0, 20.0, -20.0
-1.06807506696428, 1.3141230764529042, 1.2267424244944156, -16.208608805653288, 18.79788227468512, 16.06231258531181, -20.0, 20.0, 20.0
-1.0761914475009682, 1.3235667374860118, 1.2345884332968826, -16.256913341099395, 18.976761857745323, 15.321722624556463, -20.0, 20.0, -20.0
-1.084331154516153, 1.333098384774757, 1.2420658139626415, -16.3019147196394, 19.149827297235237, 14.58780003847915, -20.0, 20.0, -20.0
-1.0924524858868139, 1.3426145539055474, 1.2494645237812962, -16.183410763004503, 18.914849225925966, 15.007039236139688, -20.0, 20.0, 20.0
-1.1005557183953198, 1.352114992202359, 1.2567864341065271, -16.22951927101919, 19.08690396132062, 14.280602064784242, -20.0, 20.0, -20.0
-1.10868122037429, 1.3617000985457142, 1.2637467228404893, -16.272488644861298, 19.25352141210004, 13.560552871064477, -20.0, 20.0, -20.0
-1.116788081746789, 1.3712691551004283, 1.2706321248539787, -16.154956845135242, 19.02270480675682, 13.98105518289354, -20.0, 20.0, 20.0
-1.1248765855521725, 1.3808219661946417, 1.2774444237856608, -16.19905837639904, 19.188539570096513, 13.26814054383535, -20.0, 20.0, -20.0
-1.1329800359184041, 1.3904406663914117, 1.2839478235892288, -16.21474308852712, 19.286261216983533, 12.745458670436431, -20.0, 20.0, -13.460981683948376
-1.141058600073601, 1.4000275681854446, 1.2904257348603223, -16.099513532260236, 19.06134595914797, 13.166186413938048, -20.0, 20.0, 20.0
-1.1491191939187744, 1.409598638091556, 1.2968336298659286, -16.142861848433093, 19.222933665297482, 12.465393608487645, -20.0, 20.0, -20.0
-1.1572007443679513, 1.419249302206918, 1.302892593977945, -16.183339948274135, 19.379722796150194, 11.770462839577492, -20.0, 20.0, -20.0
-1.1652639187253968, 1.4288840512987084, 1.3088832310996674, -16.069357481507645, 19.159273571012076, 12.19208564731203, -20.0, 20.0, 20.0
-1.1733089893528816, 1.4385027593811943, 1.3148071700346677, -16.110925028431268, 19.315558758931235, 11.503670092689395, -20.0, 20.0, -20.0
-1.1813524773881356, 1.4481454358219805, 1.3205480665650553, -16.06302711258475, 19.255147004213594, 11.459916028860746, -20.0, 20.0, 3.168392304180543
-1.1893939592924512, 1.457811073353553, 1.3261080098992923, -16.102900504677677, 19.407403122076076, 10.779857308087813, -20.0, 20.0, -20.0
-1.197417773517422, 1.4674617078493375, 1.3316032818890842, -15.992356395205555, 19.19513486106187, 11.201230651079461, -20.0, 20.0, 20.0
-1.205424171417276, 1.477097231604511, 1.3370354256262862, -16.033235204210413, 19.346960159632463, 10.527344297728257, -20.0, 20.0, -20.0
-1.2134336082861399, 1.4867669357488824, 1.3422570203996886, -16.004512271245254, 19.33185641785289, 10.359034795881104, -20.0, 20.0, -1.6207490281581158
-1.2214409288212622, 1.4964585852298644, 1.3473044011553672, -16.02476986924399, 19.4347415060749, 9.830488226833497, -20.0, 20.0, -14.953201619349784
-1.229426550817167, 1.5061249154370258, 1.3523248674051653, -15.91771811437464, 19.230579322570325, 10.251376772359217, -20.0, 20.0, 20.0
-1.2373954665218614, 1.5157771632971462, 1.3572855029870736, -15.957944704403454, 19.378412117911466, 9.59116555527389, -20.0, 20.0, -20.0
-1.2453631608571072, 1.5254523294080609, 1.3620742461160313, -15.91283263657975, 19.32225232574743, 9.563806960557246, -20.0, 20.0, 3.3643032156285244
-1.253329249246469, 1.535149572190962, 1.366692950959297, -15.951520920867152, 19.466718805857127, 8.911012412505414, -20.0, 20.0, -20.0
-1.2612394412003733, 1.544751834055156, 1.371337775156931, -15.689246894750259, 18.942328650919286, 9.668284378029753, -20.0, -20.0, 20.0
-1.2690561836681717, 1.5541798134748668, 1.3760922605558297, -15.577722976443155, 18.769589027923395, 9.349657217565758, -20.0, -19.77356023767561, -20.0
-1.276817960806676, 1.5635223011728476, 1.3806875061000403, -15.469385577574238, 18.600361763999643, 9.031324959277077, -20.0, -20.0, -20.0
-1.2845265508615187, 1.5727814584698196, 1.3851232023946942, -15.36497464179639, 18.43626742388841, 8.711460219338482, -20.0, -20.0, -20.0
-1.2921838740380773, 1.5819597903870102, 1.3893986032725285, -15.264318064438068, 18.277060244873773, 8.39014329199903, -20.0, -20.0, -20.0
-1.2997917670256502, 1.591059682989034, 1.3935130012954429, -15.167253885853292, 18.122510163221477, 8.067448799658195, -20.0, -20.0, -20.0
-1.3073502617386654, 1.6000792752699766, 1.3974792308929105, -15.066724966207044, 17.95585896054872, 7.7974695902120414, -20.0, -20.0, -17.939830436555667
-1.314844165057677, 1.608980252553062, 1.4014297049989004, -14.90888830983911, 17.648050171793468, 8.004426833747715, -20.0, -20.0, 0.3599450754663849
-1.3222774722787607, 1.6177696013410756, 1.4053498687904324, -14.824340574495928, 17.509344980260312, 7.676228332380867, -20.0, -20.0, -20.0
-1.3296692440358013, 1.626490530073371, 1.4091056742571535, -14.742746453667046, 17.374369948921245, 7.346993534503057, -20.0, -20.0, -20.0
-1.3370161892596926, 1.6351335349090927, 1.4127343232573013, -14.645034441897458, 17.19764939396578, 7.167602466088477, -20.0, -20.0, -14.182834060923824
-1.344312547766724, 1.6436830789399421, 1.4162936514367752, -14.540399586227917, 17.000526729431687, 7.0697102518071855, -20.0, -20.0, -10.962461379338038
-1.3515647919241562, 1.6521526269070668, 1.419745229500988, -14.468577043501067, 16.877665139066544, 6.736602005044148, -20.0, -20.0, -20.0
-1.3587561108808812, 1.6605002716976773, 1.423236720239658, -14.29669878339894, 16.512914023375714, 7.229360949636149, -20.0, -20.0, 12.139474636347131
-1.3658885436531498, 1.6687284691414315, 1.426767190826504, -14.23303230567537, 16.39987575164079, 6.892521397748104, -20.0, -20.0, -20.0
-1.372989694732658, 1.676900810778866, 1.4301290848597366, -14.171572012358014, 16.28949079809816, 6.555054735182191, -20.0, -20.0, -20.0
-1.3800606472909378, 1.685018597469701, 1.433322095366409, -14.112238220760622, 16.181655965241575, 6.216987291507903, -20.0, -20.0, -20.0
-1.3870916896763772, 1.693057388282341, 1.4364342036706805, -14.011931320997231, 15.973507285318497, 6.231445925577908, -20.0, -20.0, -6.129375445192409
-1.3940841575091636, 1.7010187620048414, 1.4394649177447116, -13.95794001014871, 15.871987604683031, 5.891410370546718, -20.0, -20.0, -20.0
-1.4010319772624773, 1.708886622403977, 1.4424755902381752, -13.833339003106413, 15.599453991859134, 6.1512796033073105, -20.0, -20.0, 3.700607342320609
-1.4079366092067656, 1.716662665480974, 1.4454656421578378, -13.78518877404675, 15.504718316128857, 5.808928075342849, -20.0, -20.0, -20.0
-1.41481759057894, 1.724391829148897, 1.448284422463287, -13.73873671465129, 15.4119363555634, 5.466193146453511, -20.0, -20.0, -20.0
-1.4216537709267474, 1.7320224684416805, 1.4511164149258835, -13.60598467657851, 15.110620815569865, 5.861776703932856, -20.0, -20.0, 9.368509693784517
-1.428446585483106, 1.7395562148222887, 1.4539610495780306, -13.565273548856524, 15.02436470686328, 5.516761904655954, -20.0, -20.0, -20.0
-1.4352194138789942, 1.7470472445447205, 1.4566331105888286, -13.526040034696285, 14.939754182863492, 5.171482138535572, -20.0, -20.0, -20.0
-1.441963328780302, 1.7544732240044143, 1.45921473039449, -13.44961957053479, 14.76416365591144, 5.154997084110322, -20.0, -20.0, -6.827481852502842
-1.4486793003921155, 1.7618352320667159, 1.4617056203794623, -13.414266876719553, 14.683868593295124, 4.808562855778328, -20.0, -20.0, -20.0
-1.455349020916321, 1.7690880464991876, 1.46427195559272, -13.264615220102554, 14.327389136591808, 5.456777997252517, -20.0, -20.0, 20.0
-1.461973914669084, 1.7762332336640567, 1.4669131687662507, -13.234959790949876, 14.253359522884944, 5.108074696870506, -20.0, -20.0, -20.0
-1.4685842736143144, 1.7833417116804189, 1.4693800048892969, -13.206475989971969, 14.180552542563541, 4.759269795313903, -20.0, -20.0, -20.0
-1.4751806748439948, 1.7904140831406063, 1.4716724129958296, -13.179128928749964, 14.1089332981862, 4.410362630817405, -20.0, -20.0, -20.0
-1.4817425767960588, 1.7974000572461726, 1.473975561409518, -13.068478879505593, 13.83496312407903, 4.80223102393645, -20.0, -20.0, 10.042698028121436
-1.4882710637790444, 1.804300791288556, 1.4762890843150753, -13.045469052437063, 13.767973045454829, 4.451860598292497, -20.0, -20.0, -20.0
-1.4947882946806044, 1.8111682802938212, 1.478427413291288, -13.023454553802894, 13.701982975605754, 4.101455306558012, -20.0, -20.0, -20.0
-1.5012734269719292, 1.8179513818713462, 1.4805806840523708, -12.917074611496624, 13.430423334494797, 4.511627737772746, -20.0, -20.0, 11.029160220874473
-1.5077274656769666, 1.8246511459979307, 1.4827485759379886, -12.899080208653018, 13.368633171843372, 4.159939804698205, -20.0, -20.0, -20.0
-1.5141727250510646, 1.8313202245782478, 1.4847406293797418, -12.881957287738622, 13.307681149425557, 3.8082739623148574, -20.0, -20.0, -20.0
-1.520587532210798, 1.837905288554205, 1.486756989711104, -12.777271351195091, 13.032574754403216, 4.257167363133251, -20.0, -20.0, 12.846484273421083
-1.5269728345646714, 1.8444073074540872, 1.488797368784384, -12.76393806429804, 12.975500845124856, 3.904348929987026, -20.0, -20.0, -20.0
-1.5333516606613073, 1.850880963346346, 1.4906613566564497, -12.75136632224589, 12.919122723910638, 3.5516025582755466, -20.0, -20.0, -20.0
-1.539704040952823, 1.857276872559766, 1.4925361933423067, -12.658154843817332, 12.664514129768426, 3.947744185152673, -20.0, -20.0, 10.894219590912257
-1.5460308131347853, 1.863595871567068, 1.4944216517420137, -12.648933884031381, 12.61148189943939, 3.594089413675281, -20.0, -20.0, -20.0
-1.5523531417887864, 1.869888499394079, 1.496130309791744, -12.64038073197263, 12.559029408604927, 3.2405427852463573, -20.0, -20.0, -20.0
-1.5586455794913585, 1.8760916675356423, 1.4979033339992995, -12.52937007831574, 12.253643157648323, 3.8515540449754613, -20.0, -20.0, 20.0
-1.5649090262306657, 1.8822062651117515, 1.4997404632197346, -12.524416878913208, 12.204747146788703, 3.4969628367647565, -20.0, -20.0, -20.0
-1.571170140437289, 1.8882965294208216, 1.5014003355344538, -12.520039947580234, 12.156310089491317, 3.1425264221122946, -20.0, -20.0, -20.0
-1.5774190808832782, 1.8943376332872375, 1.502979335833333, -12.47572183637592, 12.008105376172425, 3.173474773404286, -20.0, -20.0, -3.94136307847441
-1.5836563460464386, 1.900330032234264, 1.5044774171071764, -12.473338816265459, 11.961490411933305, 2.818850321969689, -20.0, -20.0, -20.0
-1.5898676925055488, 1.9062374255926346, 1.5060373611522955, -12.372047020175293, 11.668083021549053, 3.4209258585068145, -20.0, -20.0, 20.0
-1.5960539073048512, 1.9120605653752447, 1.5076589672522511, -12.372812177033765, 11.624476108891171, 3.0654985413156215, -20.0, -20.0, -20.0
-1.6022406190514062, 1.9178619812268896, 1.5091029082899263, -12.374034809186622, 11.581187297688498, 2.710265609384983, -20.0, -20.0, -20.0
-1.6084078778206858, 1.9235912928740482, 1.5105667667239486, -12.29500026793138, 11.336059290946029, 3.145168126703908, -20.0, -20.0, 13.187644667735526
-1.614556322205128, 1.9292490874364034, 1.5120504204866738, -12.298777269837487, 11.295118958474898, 2.7894469241964117, -20.0, -20.0, -20.0
-1.6207067544769163, 1.934886474583338, 1.513356265995769, -12.302951817315824, 11.254429629263312, 2.433935112183435, -20.0, -20.0, -20.0
-1.6268355839375586, 1.9404435093042178, 1.5147213812970588, -12.212366025253472, 10.973709254255342, 3.0265260929757773, -20.0, -20.0, 20.0
-1.6329434810279249, 1.945920805086052, 1.5161456267771967, -12.21922233621179, 10.935473873081277, 2.6704558275760064, -20.0, -20.0, -20.0
-1.639054891065659, 1.951379028241781, 1.5173918950578125, -12.226417814724686, 10.897418749835422, 2.3146172948869324, -20.0, -20.0, -20.0
-1.6451480437130426, 1.956762386972284, 1.5186828024268275, -12.146192774809771, 10.636016172176241, 2.849012181173599, -20.0, -20.0, 17.716426656370345
-1.6512235312554824, 1.9620714070491116, 1.520018249137913, -12.155757394949784, 10.600064135134184, 2.492774663168715, -20.0, -20.0, -20.0
-1.6573038733661014, 1.967362482066317, 1.5211756383518116, -12.165611047525989, 10.564235933686811, 2.1367821924251147, -20.0, -20.0, -20.0
-1.6633668964736945, 1.9725783022755228, 1.5223855884537474, -12.086481382846744, 10.299044903136815, 2.703018215318075, -20.0, -20.0, 19.229757502741904
-1.6694131637760603, 1.977719358629197, 1.5236480131183976, -12.098587826616356, 10.265180511560436, 2.346680443282918, -20.0, -20.0, -20.0
-1.6754655451483778, 1.9828435009836847, 1.5247323330857918, -12.110937662653132, 10.23138890638988, 1.9905994262938052, -20.0, -20.0, -20.0
-1.6815038800739246, 1.987898117451378, 1.5258520524267185, -12.042402039533792, 9.987076964383013, 2.4882779374128883, -20.0, -20.0, 16.456058123181663
-1.6875286605311597, 1.9928836229247084, 1.5270071171664428, -12.0567197894064, 9.954944928938856, 2.131981021483841, -20.0, -20.0, -20.0
-1.6935606509382635, 1.9978530708508837, 1.527984098470646, -12.071241839009168, 9.922846775762606, 1.7759441953292674, -20.0, -20.0, -20.0
-1.6995781927065114, 2.002749405997374, 1.52901639491103, -11.998925233982844, 9.662493810198912, 2.353241566206406, -20.0, -20.0, 20.0
-1.7055817753951483, 2.0075730386823816, 1.5301039508556877, -12.015405520564828, 9.632036929831584, 1.9969822124243994, -20.0, -20.0, -20.0
-1.7115936400338467, 2.012381441644029, 1.5310134436293394, -12.03205303422872, 9.601574916758157, 1.6409888821826466, -20.0, -20.0, -20.0
-1.7175925928729714, 2.0171182012242914, 1.5319774702275246, -11.963758322270218, 9.345463404292701, 2.215117510558028, -20.0, -20.0, 20.0
-1.7235790863875642, 2.02178368808521, 1.5329959901838002, -11.982215736100809, 9.316484039380702, 1.8589623145439655, -20.0, -20.0, -20.0
-1.7295748420980785, 2.026434675622924, 1.5338364997747274, -12.000807105956552, 9.287466111476268, 1.503076049164813, -20.0, -20.0, -20.0
-1.7355591232150174, 2.031015362872227, 1.5347308364535468, -11.936317361798748, 9.035282885735521, 2.0742706661130788, -20.0, -20.0, 20.0
-1.7415323480053095, 2.0355260849115613, 1.5356789725129465, -11.956581799369696, 9.00760527160207, 1.718273571485422, -20.0, -20.0, -20.0
-1.7475157310163658, 2.040022951358548, 1.5364491773148314, -11.97695024485499, 8.979860516345315, 1.3625456360545665, -20.0, -20.0, -20.0
-1.7534889841143666, 2.044450745468876, 1.5372725704125711, -11.916062147148311, 8.731315924966049, 1.9310267549041216, -20.0, -20.0, 20.0
-1.7594524939272949, 2.0488097703466943, 1.5381491346950298, -11.937977104564943, 8.70478358630821, 1.575230374930352, -20.0, -20.0, -20.0
-1.765426980462483, 2.0531555061818567, 1.5388478675397377, -11.959969036187157, 8.678159754340571, 1.2197010039013823, -20.0, -20.0, -20.0
-1.7713925955137058, 2.057433292390347, 1.5395992118005546, -11.902491168704639, 8.432985079621298, 1.7856760393666624, -20.0, -20.0, 20.0
-1.7773496963726927, 2.061643403309752, 1.5404031590130036, -11.925912267243051, 8.407458597997884, 1.4301128104291667, -20.0, -20.0, -20.0
-1.783314840055945, 2.0658305289011225, 1.5410725848011777, -11.934662465766735, 8.341043767484608, 1.2475903422667776, -20.0, -20.0, -12.484052048796912
-1.7892696418712228, 2.0699433048625764, 1.5418257611981792, -11.884544795344656, 8.110060078331252, 1.7651152457393642, -20.0, -20.0, 17.99560949011419
-1.7952181540075665, 2.0739922117492897, 1.5426194786550442, -11.909503750029764, 8.085567468522386, 1.4097545817212809, -20.0, -20.0, -20.0
-1.8011791526664422, 2.0780288379580067, 1.5432355819363028, -11.934490885473426, 8.060937366346092, 1.054658543313016, -20.0, -20.0, -20.0
-1.8071336408286574, 2.0819995577178623, 1.5439032680299984, -11.883461763387377, 7.821941673076014, 1.6160858314698383, -20.0, -20.0, 20.0
-1.8130819211787832, 2.085904591511085, 1.5446225450347073, -11.90965963711569, 7.798193499815604, 1.261022187365655, -20.0, -20.0, -20.0
-1.8190417295154624, 2.089793242563579, 1.5451835614194254, -11.929573709601309, 7.756410710158287, 0.9830433515061523, -20.0, -20.0, -16.64040163142775
-1.8249945040185154, 2.0936123899848544, 1.5458149339066871, -11.881524302610826, 7.52017897494445, 1.5424465975405997, -20.0, -20.0, 20.0
-1.830942119559737, 2.0973667251293198, 1.5464974601049155, -11.908937862276012, 7.497161602916389, 1.1876581953726206, -20.0, -20.0, -20.0
-1.8369029088109663, 2.101107982028737, 1.547009260535958, -11.934219142640538, 7.467865994752679, 0.8595435287969322, -20.0, -20.0, -18.841838864694694
-1.8428586948065013, 2.1047834817622224, 1.5475784201027687, -11.888924839499893, 7.234132939189433, 1.4170947384460564, -20.0, -20.0, 20.0
-1.8488102711983303, 2.1083949367132018, 1.5481983479735246, -11.917380727816148, 7.2116868647278425, 1.0626167445775787, -20.0, -20.0, -20.0
-1.8547712062079929, 2.111980924387302, 1.5487028889416974, -11.926359310834355, 7.1322638316726525, 0.9555471281135182, -20.0, -20.0, -9.141539523168348
-1.860729227867491, 2.115505259921542, 1.549249833084679, -11.905727327157944, 6.965078305287581, 1.232229443812184, -20.0, -20.0, 7.731515056088909
-1.8666894243918413, 2.1189822915990524, 1.5497774143231915, -11.935058770243291, 6.943048404753906, 0.8780955102378212, -20.0, -20.0, -20.0
-1.872649580134724, 2.122404744611703, 1.5503185099329801, -11.905564201287408, 6.746763645848675, 1.2862869289172343, -20.0, -20.0, 13.551110197781327
-1.8786098751043316, 2.1257727229450114, 1.5508731608625166, -11.93561567714337, 6.725149687385761, 0.9323167892288953, -20.0, -20.0, -20.0
-1.8845796375817199, 2.1291132722948105, 1.551323726780528, -11.943434232409974, 6.637047711810556, 0.8699468828167415, -20.0, -20.0, -7.154864454359313
-1.8905498028522822, 2.132399004268552, 1.55179079979458, -11.937226849839137, 6.505880183156186, 0.9983451733908989, -20.0, -20.0, 1.2640235659688415
-1.8965260835980073, 2.135646587310426, 1.5522015747445346, -11.967896133061366, 6.484451984339965, 0.6447546264276154, -20.0, -20.0, -20.0
-1.9025007871426336, 2.1388321868183344, 1.552662013381985, -11.930918045443553, 6.257946047294112, 1.1969999233744606, -20.0, -20.0, 20.0
-1.9084741013620676, 2.141955920053042, 1.55317214295495, -11.962338832292463, 6.236986891535477, 0.8435183684857489, -20.0, -20.0, -20.0
-1.9144631066968527, 2.14506911998114, 1.5535055856203455, -11.993682506847543, 6.215812820857016, 0.49025229309563634, -20.0, -20.0, -20.0
-1.920467764521849, 2.148171683031476, 1.5536624433491422, -12.024948793138387, 6.194439380486618, 0.13717862209096587, -20.0, -20.0, -20.0
-1.9264880360686678, 2.1512635133990945, 1.5536428065612315, -12.056137394136114, 6.172882089987676, -0.21572577373305019, -20.0, -20.0, -20.0
-1.9325238824144761, 2.1543445230322766, 1.553446754096368, -12.087247989097657, 6.151156442741642, -0.5684840857217329, -20.0, -20.0, -20.0
-1.93857526446948, 2.157414631619331, 1.553074353181075, -12.118280230918229, 6.1292779054757744, -0.9211195754499111, -20.0, -20.0, -20.0
-1.9446421429630822, 2.1604737665751577, 1.5525256593915011, -12.149233743490653, 6.107261917831275, -1.2736555828453968, -20.0, -20.0, -20.0
-1.9507244784287225, 2.1635218630276074, 1.5518007166122045, -12.18010811907024, 6.08512389196705, -1.6261155343412494, -20.0, -20.0, -20.0
-1.956822231187401, 2.166558863803648, 1.5508995569908566, -12.210902915643956, 6.062879212194393, -1.9785229510509423, -20.0, -20.0, -20.0
-1.9629353613298877, 2.169584719415356, 1.5498222008888538, -12.241617654302571, 6.040543234637888, -2.3309014569603237, -20.0, -20.0, -20.0
-1.969063828697617, 2.1725993880457453, 1.5485686568278312, -12.272251816614508, 6.018131286917821, -2.683274787130015, -20.0, -20.0, -20.0
-1.9752075928622705, 2.1756028355344372, 1.5471389214320732, -12.30280484200006, 5.995658667849386, -3.035666795901599, -20.0, -20.0, -20.0
-1.9813666131040466, 2.178595035363188, 1.5455329793668227, -12.333276125104598, 5.973140647153913, -3.3881014651006236, -20.0, -20.0, -20.0
-1.987540848388615, 2.181575968641271, 1.5437508032724903, -12.363665013169337, 5.950592465177301, -3.7406029122290763, -20.0, -20.0, -20.0
-1.9937302573427569, 2.1845456240907177, 1.541792353694773, -12.393970803398181, 5.928029332610757, -4.0931953986395895, -20.0, -20.0, -20.0
-1.9999347982286861, 2.187503998031423, 1.5396575790106923, -12.424192740319045, 5.905466430208847, -4.445903337683185, -20.0, -20.0, -20.0
-2.0061544289170503, 2.1904510943660997, 1.537346415350566, -12.454330013137966, 5.882918908499738, -4.798751302821884, -20.0, -20.0, -20.0
-2.0123891068586057, 2.1933869245650954, 1.5348587865159364, -12.484381753084238, 5.860401887482407, -5.151764035696984, -20.0, -20.0, -20.0
-2.0186387890545627, 2.196311507651042, 1.5321946038934764, -12.514347030744633, 5.837930456305398, -5.50496645414323, -20.0, -20.0, -20.0
-2.024903432025595, 2.199224870183349, 1.529353766364906, -12.544224853384666, 5.815519672921551, -5.858383660138495, -20.0, -20.0, -20.0
-2.031182991779505, 2.2021270462425075, 1.526336160212952, -12.574014162254713, 5.793184563712931, -6.212040947677918, -20.0, -20.0, -20.0
-2.0374774237775384, 2.2050180774142056, 1.5231416590233922, -12.603713829878602, 5.770940123079957, -6.565963810560744, -20.0, -20.0, -20.0
-2.0437866828993387, 2.2078980127732226, 1.5197701235832326, -12.633322657322182, 5.748801312988474, -6.920177950077318, -20.0, -20.0, -20.0
-2.050110723406529, 2.210766908867087, 1.5162214017750675, -12.66283937143912, 5.726783062468258, -7.274709282582915, -20.0, -20.0, -20.0
-2.0564494989049114, 2.213624829699468, 1.5124953284676856, -12.692262622091034, 5.704900267056146, -7.629583946944154, -20.0, -20.0, -20.0
-2.062802962305269, 2.2164718467132762, 1.5085917254029888, -12.72159097933885, 5.683167788176635, -7.98482831184285, -20.0, -20.0, -20.0
-2.0691710657827542, 2.2193080387734336, 1.5045104010792978, -12.750822930602034, 5.661600452452472, -8.340468982921124, -20.0, -20.0, -20.0
-2.0755537607348504, 2.2221334921492812, 1.5002511506311298, -12.779956877782128, 5.640213050937356, -8.696532809750549, -20.0, -20.0, -20.0
-2.0819509977378825, 2.2249483004965813, 1.4958137557055404, -12.808991134346817, 5.61902033826246, -9.053046892606949, -20.0, -20.0, -20.0
-2.0883627265020617, 2.227752564839069, 1.4911979843351308, -12.83792392237044, 5.598037031688046, -9.410038589031242, -20.0, -20.0, -20.0
-2.094788895825036, 2.2305463935495036, 1.4864035908078341, -12.866753369526633, 5.5772778100509415, -9.767535520155459, -20.0, -20.0, -20.0
-2.1012294535439247, 2.233329902330166, 1.4814303155336024, -12.895477506028545, 5.556757312598161, -10.125565576771635, -20.0, -20.0, -20.0
-2.1076843464858097, 2.2361032141927395, 1.4762778849081295, -12.924094261511721, 5.536490137696365, -10.484156925119843, -20.0, -20.0, -20.0
-2.114153520416651, 2.238866459437515, 1.4709460111737571, -12.952601461854535, 5.516490841406283, -10.843338012370038, -20.0, -20.0, -20.0
-2.1206369199885975, 2.241619775631844, 1.465434392277722, -12.980996825930704, 5.496773935910568, -11.203137571770732, -20.0, -20.0, -20.0
-2.1271344886856522, 2.2443633075877676, 1.4597427117279205, -13.009277962288142, 5.477353887782887, -11.563584627435736, -20.0, -20.0, -20.0
-2.1336461687676613, 2.2470972073387347, 1.4538706384463769, -13.037442365748065, 5.458245116085313, -11.924708498738323, -20.0, -20.0, -20.0
-2.140171901212578, 2.2498216341153263, 1.4478178266206223, -13.065487413918014, 5.43946199028031, -12.286538804280154, -20.0, -20.0, -20.0
-2.1467116256569603, 2.252536754319882, 1.4415839155532022, -13.09341036361204, 5.421018827942792, -12.649105465400186, -20.0, -20.0, -20.0
-2.153265280334656, 2.255242741499932, 1.4351685295095555, -13.12120834717106, 5.402929892256835, -13.012438709186515, -20.0, -20.0, -20.0
-2.159832802013618, 2.2579397763203164, 1.428571277564521, -13.148878368676, 5.385209389280724, -13.376569070951705, -20.0, -20.0, -20.0
-2.1664141259307983, 2.2606280465338773, 1.4217917534477507, -13.17641730004606, 5.367871464962993, -13.741527396129626, -20.0, -20.0, -20.0
-2.1730091857250633, 2.263307746950591, 1.414829535388331, -13.203821877014043, 5.350930201891104, -14.107344841549093, -20.0, -20.0, -20.0
-2.1796179133680593, 2.265979079405002, 1.4076841859589344, -13.231088694970422, 5.3343996157532825, -14.47405287603678, -20.0, -20.0, -20.0
-2.1862402390929687, 2.2686422527218135, 1.4003552519198506, -13.258214204667436, 5.318293651492869, -14.841683280298835, -20.0, -20.0, -20.0
-2.192876091321079, 2.27129748267947, 1.392842264063269, -13.285194707774219, 5.302626179133307, -15.210268146027444, -20.0, -20.0, -20.0
-2.199525396586091, 2.273944991971566, 1.3851447370582184, -13.312026352273621, 5.287410989250597, -15.57983987417518, -20.0, -20.0, -20.0
-2.206188079456082, 2.276585010165896, 1.3772621692965905, -13.33870512769108, 5.272661788068672, -15.95043117233647, -20.0, -20.0, -20.0
-2.2128640624530416, 2.279217773660951, 1.3691940427407134, -13.365226860145597, 5.258392192151718, -16.3220750511717, -20.0, -20.0, -20.0
-2.219553265969881, 2.281843525639655, 1.3609398227729692, -13.391587207212597, 5.24461572266596, -16.69480481980555, -20.0, -20.0, -20.0
-2.2262556081848315, 2.2844625160201173, 1.352498958047986, -13.417781652588168, 5.231345799181847, -17.068654080126976, -20.0, -20.0, -20.0
-2.2329710049731144, 2.287075001403159, 1.3438708803479757, -13.443805500543933, 5.2185957329859365, -17.44365671991391, -20.0, -20.0, -20.0
-2.2396993698157908, 2.2896812450163733, 1.335055004441822, -13.469653870161581, 5.206378719870064, -17.819846904701162, -20.0, -20.0, -20.0
-2.246440613705665, 2.2922815166544317, 1.3260507279485703, -13.49532168933591, 5.194707832363569, -18.19725906830515, -20.0, -20.0, -20.0
-2.253194645050133, 2.2948760926153655, 1.3168574312060155, -13.520803688535018, 5.183596011372536, -18.57592790191419, -20.0, -20.0, -20.0
-2.2599613695708434, 2.2974652556325057, 1.307474477145125, -13.546094394306232, 5.173056057188051, -18.955888341647736, -20.0, -20.0, -20.0
-2.266740690200049, 2.3000492948017586, 1.2979012111710924, -13.571188122516213, 5.163100619823517, -19.33717555448258, -20.0, -20.0, -20.0
-2.2735325069735066, 2.302628505503874, 1.288136961051862, -13.596078971313693, 5.153742188639032, -19.719824922438384, -20.0, -20.0, -20.0
-2.280336716919786, 2.305203189321336, 1.2781810368150253, -13.620760813803319, 5.144993081208716, -20.10387202490902, -20.0, -20.0, -20.0
-2.2871532139458415, 2.3077736539494844, 1.2680327306540429, -13.645227290419166, 5.136865431384781, -20.489352619020213, -20.0, -20.0, -20.0
-2.293981888718693, 2.310340213101458, 1.2576913168448158, -13.669471800986654, 5.129371176509932, -20.876302617887763, -20.0, -20.0, -20.0
-2.300822628543055, 2.3129031864065173, 1.2471560516736828, -13.69348749646187, 5.122522043727519, -21.264758066644262, -20.0, -20.0, -20.0
-2.307675317234755, 2.3154628993012834, 1.2364261733779978, -13.717267270337619, 5.116329535336641, -21.65475511609575, -20.0, -20.0, -20.0
-2.314539834989766, 2.318019682913402, 1.225500902100508, -13.740803749706007, 5.110804913137203, -22.046329993863186, -20.0, -20.0, -20.0
-2.3214160582486847, 2.3205738739371133, 1.2143794398588281, -13.764089285967893, 5.105959181707772, -22.439518972856984, -20.0, -20.0, -20.0
-2.328303859556472, 2.3231258145001794, 1.2030609705313824, -13.78711594518028, 5.101803070556919, -22.83435833692619, -20.0, -20.0, -20.0
-2.3352031074172754, 2.32567585202159, 1.1915446598612716, -13.809875498033525, 5.09834701508669, -23.23088434351733, -20.0, -20.0, -20.0
-2.342113666144147, 2.328224339059438, 1.1798296554795993, -13.832359409451266, 5.09560113630488, -23.629133183171454, -20.0, -20.0, -20.0
-2.3490353957034613, 2.3307716331483195, 1.167915086949886, -13.85455882780713, 5.093575219220959, -24.029140935681546, -20.0, -20.0, -20.0
-2.3559681515538515, 2.3333180966255895, 1.155800065835284, -13.876464573753662, 5.092278689858828, -24.43094352272654, -20.0, -20.0, -20.0
-2.362911784479455, 2.335864096445759, 1.1434836857904043, -13.898067128660479, 5.091720590818134, -24.834576656792386, -20.0, -20.0, -20.0
-2.3698661404172854, 2.338410003982292, 1.1309650226796597, -13.919356622660482, 5.091909555314708, -25.24007578618555, -20.0, -20.0, -20.0
-2.3768310602785268, 2.340956194816028, 1.1182431347241284, -13.94032282230501, 5.092853779629778, -25.647476035939704, -20.0, -20.0, -20.0
-2.383806379763561, 2.34350304850941, 1.1053170626790403, -13.960955117831157, 5.094560993897158, -26.05681214441261, -20.0, -20.0, -20.0
-2.3907919291705304, 2.3460509483656735, 1.0921858300440952, -13.981242510047124, 5.097038431157534, -26.46811839536733, -20.0, -20.0, -20.0
-2.397787533197253, 2.348600281172115, 1.0788484433089207, -14.001173596844426, 5.100292794609474, -26.88142854533022, -20.0, -20.0, -20.0
-2.4047930107363014, 2.3511514369265143, 1.0653038922360838, -14.020736559349064, 5.104330222987855, -27.29677574601779, -20.0, -20.0, -20.0
-2.4118081746630704, 2.353704808545762, 1.051551150184173, -14.039919147727499, 5.109156254002202, -27.714192461625768, -20.0, -20.0, -20.0
-2.418832831616669, 2.356260791555705, 1.0375891744735724, -14.058708666667277, 5.114775785770032, -28.133710380776794, -20.0, -20.0, -20.0
-2.425866781773475, 2.3588197837611933, 1.023416906797646, -14.077091960556709, 5.1211930361838105, -28.555360322928447, -20.0, -20.0, -20.0
-2.4329098186132123, 2.361382184895278, 1.009033273682151, -14.09505539839292, 5.128411500154688, -28.979172139051066, -20.0, -20.0, -20.0
-2.439961728677424, 2.3639483962464873, 0.9944371869957894, -14.11258485845303, 5.136433904681922, -29.405174606395434, -20.0, -20.0, -20.0
-2.4470222913202297, 2.366518820263084, 0.9796275445148945, -14.12966571276909, 5.145262161703939, -29.833395317184248, -20.0, -20.0, -20.0
-2.4540912784512856, 2.3690938601331837, 0.9646032305453288, -14.1462828114539, 5.154897318695533, -30.263860561078783, -20.0, -20.0, -20.0
-2.461168454270882, 2.371673919339604, 0.9493631166047357, -14.162420466931698, 5.165339506985818, -30.696595201293835, -20.0, -20.0, -20.0
-2.468253574997149, 2.3742594011882963, 0.9339060621683472, -14.178062438135226, 5.176587887783548, -31.131622544260225, -20.0, -20.0, -20.0
-2.4753463885853675, 2.37685070830922, 0.9182309154815907, -14.193191914738748, 5.18864059591033, -31.56896420276553, -20.0, -20.0, -20.0
-2.4824466344394285, 2.379448242128512, 0.9023365144427642, -14.207791501505051, 5.201494681258362, -32.00863995254077, -20.0, -20.0, -20.0
-2.489554043115513, 2.3820524023108285, 0.8862216875590531, -14.22184320283367, 5.215146048007748, -32.45066758230391, -20.0, -20.0, -20.0
-2.496668336018123, 2.3846635861707455, 0.8698852549791468, -14.235328407607035, 5.229589391659432, -32.89506273732127, -20.0, -20.0, -20.0
-2.503789225088635, 2.387282188052151, 0.8533260296056652, -14.248227874441394, 5.244818133963445, -33.34183875660521, -20.0, -20.0, -20.0
-2.5109164124866106, 2.3899085986746043, 0.8365428182905309, -14.260521717459724, 5.260824355848707, -33.79100650393201, -20.0, -20.0, -20.0
-2.518049590264154, 2.392543204445689, 0.8195344231163135, -14.272189392714708, 5.2775987284902115, -34.2425741929376, -20.0, -20.0, -20.0
-2.525188440033683, 2.3951863867384824, 0.8022996427664211, -14.283209685400843, 5.295130442682169, -34.69654720663215, -20.0, -20.0, -20.0
-2.5323326326295343, 2.3978385211333335, 0.7848372739868213, -14.293560698005955, 5.313407136721705, -35.152927911766646, -20.0, -20.0, -20.0
-2.5394818277639266, 2.4004999766232755, 0.7671461131417328, -14.303219839563505, 5.332414823047077, -35.61171546858751, -20.0, -20.0, -20.0
-2.546635673677862, 2.4031711147825168, 0.749224957865429, -14.312163816178119, 5.3521378139171185, -36.07290563662773, -20.0, -20.0, -20.0
-2.5537938067876587, 2.4058522888976124, 0.7310726088119455, -14.320368623007303, 5.3725586464646735, -36.53649057730649, -20.0, -20.0, -20.0
-2.5609558513278836, 2.4085438430611052, 0.7126878715040581, -14.327809537892337, 5.393658007506087, -37.00245865424285, -20.0, -20.0, -20.0
-2.568121418991567, 2.411246111227617, 0.6940695582824141, -14.334461116840407, 5.415414658541127, -37.47079423233311, -20.0, -20.0, -20.0
-2.575290108568669, 2.413959416232611, 0.675216490355132, -14.340297191567899, 5.437805361432787, -37.941477476795356, -20.0, -20.0, -20.0
-2.582461505583891, 2.4166840687742974, 0.6561274999475462, -14.345290869321138, 5.460804805313801, -38.414484153547996, -20.0, -20.0, -20.0
-2.5896351819350203, 2.4194203663594576, 0.636801432551044, -14.349414535195192, 5.484385535325916, -38.88978543246036, -20.0, -20.0, -20.0
-2.5968106955331125, 2.4221685922142537, 0.617237149269131, -14.352639857173356, 5.508517883858272, -39.36734769519178, -20.0, -20.0, -20.0
-2.603987589945933, 2.424929014161471, 0.5974335292579533, -14.354937794109063, 5.533169905011881, -39.84713234951885, -20.0, -20.0, -20.0
-2.611165394046177, 2.4277018834659936, 0.5773894722575145, -14.356278606867717, 5.55830731307703, -40.32909565223677, -20.0, -20.0, -20.0
-2.618343621666104, 2.43048743365073, 0.5571039012087285, -14.356631872837864, 5.583893425868473, -40.81318854290703, -20.0, -20.0, -20.0
-2.625521771260315, 2.4332858792856515, 0.536575764950275, -14.355966504008475, 5.60988911381793, -41.29935649090687, -20.0, -20.0, -20.0
-2.6326993255785154, 2.4360974147530494, 0.5158040409879453, -14.3542507687916, 5.636252755773263, -41.787539358412104, -20.0, -20.0, -20.0
-2.63987575135015, 2.438922212992617, 0.49478773832781475, -14.351452317746489, 5.662940202496926, -42.27767128211016, -20.0, -20.0, -20.0
-2.6470504989829196, 2.441760424230464, 0.47352590036314, -14.347538213332017, 5.689904748890989, -42.76968057658881, -20.0, -20.0, -20.0
-2.654223002277197, 2.4446121746966867, 0.4520176078033744, -14.342474963778427, 5.717097116000121, -43.26348966247362, -20.0, -20.0, -20.0
-2.6613926781584234, 2.4474775653366505, 0.43026198163213425, -14.336228561126509, 5.744465443855158, -43.759015022487056, -20.0, -20.0, -20.0
-2.668558926429563, 2.450356670521668, 0.40825818607934533, -14.328764523432056, 5.771955296216014, -44.256167188668684, -20.0, -20.0, -20.0
-2.6757211295456895, 2.453249536765285, 0.3860054315911726, -14.320047941075542, 5.799509678251426, -44.75485076402222, -20.0, -20.0, -20.0
-2.6828786524127213, 2.456156181451886, 0.3635029777797083, -14.310043527051297, 5.827069068151942, -45.25496448183516, -20.0, -20.0, -20.0
-2.690030842212243, 2.4590765915848265, 0.3407501363327886, -14.298715671037197, 5.854571463609647, -45.75640130584358, -20.0, -20.0, -20.0
-2.6971770282542438, 2.4620107225617316, 0.3177462738627571, -14.28602849696512, 5.881952444011335, -46.259048574282524, -20.0, -20.0, -20.0
-2.704316521859416, 2.4649584969850045, 0.2944908146715201, -14.271945923724866, 5.909145249079444, -46.76278819066541, -20.0, -20.0, -20.0
-2.7114486162724822, 2.467919803515913, 0.27098324340788627, -14.256431728540397, 5.936080874555956, -47.267496863870015, -20.0, -20.0, -20.0
-2.7185725866077317, 2.4708944957808914, 0.24722310759197635, -14.239449612458294, 5.962688185357818, -47.77304639976957, -20.0, -20.0, -20.0
-2.7256876898276676, 2.4738823913388406, 0.22321001998047543, -14.220963267285464, 5.988894046438134, -48.27930404623413, -20.0, -20.0, -20.0
-2.7327931647552908, 2.4768832707182917, 0.19894366074570716, -14.200936443207784, 6.014623471366224, -48.78613289283898, -20.0, -20.0, -20.0
-2.7398882321201468, 2.4798968765332314, 0.17442377944098345, -14.179333016215576, 6.039799788392955, -49.29339232605582, -20.0, -20.0, -20.0
-2.74697209463779, 2.4829229126862042, 0.1496501967244512, -14.156117054357322, 6.064344823498142, -49.80093854007312, -20.0, -20.0, -20.0
-2.754043937121815, 2.4859610436669857, 0.12462280581375769, -14.131252881742247, 6.088179099627499, -50.30862510270095, -20.0, -20.0, -20.0
-2.76110292662703, 2.489010893954648, 0.09934157364431402, -14.104705139117597, 6.111222051022164, -50.816303575073725, -20.0, -20.0, -20.0
-2.768148212621749, 2.4920720475302107, 0.07380654170477499, -14.076438839760028, 6.133392251229386, -51.323824183082394, -20.0, -20.0, -20.0
-2.7751789271865253, 2.4951440475062845, 0.04801782652458872, -14.046419419344907, 6.15460765306497, -51.83103653766272, -20.0, -20.0, -20.0
-2.78219418523596, 2.4982263958791715, 0.021975619790109358, -14.014612778394726, 6.174785838483331, -52.33779040025473, -20.0, -20.0, -20.0
-2.789193084759524, 2.501318553407794, -0.004319811932192035, -13.980985315860362, 6.1938442760073125, -52.843936488950845, -20.0, -20.0, -20.0
-2.7961747070765783, 2.5044199396225673, -0.03086812788445159, -13.945503952358187, 6.211700583085085, -53.34932732008737, -20.0, -20.0, -20.0
-2.8031381171000613, 2.5075299329659595, -0.05766891423430579, -13.908136141573314, 6.228272790483636, -53.853818079329436, -20.0, -20.0, -20.0
-2.810082363602541, 2.5106478710649816, -0.08472168563305675, -13.86884986834529, 6.243479605605467, -54.35726751567441, -20.0, -20.0, -20.0
-2.8170064794776217, 2.5137730511342413, -0.11202588722479458, -13.82761363197724, 6.257240671434393, -54.85953885127691, -20.0, -20.0, -20.0
-2.823909481988954, 2.516904730506521, -0.13958089711251373, -13.784396413352228, 6.269476817684473, -55.360500699599726, -20.0, -20.0, -20.0
-2.830790372998417, 2.520042127286104, -0.1673860292834481, -13.739167624499858, 6.280110300648138, -55.86002798413777, -20.0, -20.0, -20.0
-2.8376481391643744, 2.5231844211183208, -0.19544053699194813, -13.691897039329657, 6.289065028219588, -56.358002849862466, -20.0, -20.0, -20.0
-2.84448175210029, 2.526330754067028, -0.22374361659431435, -13.642554704332374, 6.296266766609372, -56.85431555960244, -20.0, -20.0, -20.0
-2.8512901684834087, 2.5294802315900218, -0.25229441182617013, -13.591110828142233, 6.3016433253658946, -57.34886536782069, -20.0, -20.0, -20.0
-2.858072330102681, 2.5326319236007326, -0.2810920185092927, -13.537535648947655, 6.305124717477536, -57.84156136466967, -20.0, -20.0, -20.0
-2.8648271638346254, 2.535784865602987, -0.3101354896714106, -13.481799278830017, 6.306643291540881, -58.33232328380171, -20.0, -20.0, -20.0
-2.871553581535381, 2.5389380598841824, -0.33942384105940443, -13.42387152419379, 6.306133833240319, -58.82108226817366, -20.0, -20.0, -20.0
-2.87825047983681, 2.5420904767509134, -0.3689560570236976, -13.363721681521003, 6.303533633683836, -59.307781588998935, -20.0, -20.0, -20.0
-2.884916739834123, 2.5452410557899516, -0.3987310967494597, -13.301318307732133, 6.298782522469618, -59.79237731404962, -20.0, -20.0, -20.0
-2.8915512266521706, 2.5483887071364957, -0.4287479008086407, -13.236628964457912, 6.291822863707085, -60.274838922674405, -20.0, -20.0, -20.0
-2.898152788877164, 2.5515323127308154, -0.45900539800584733, -13.16961993551592, 6.282599513572191, -60.75514986615193, -20.0, -20.0, -20.0
-2.904720257840252, 2.5546707275437903, -0.4895025124907145, -13.100255916836133, 6.271059738327664, -61.23330807331688, -20.0, -20.0, -20.0
-2.911252446738957, 2.5578027807513903, -0.5202381711097321, -13.028499677984971, 6.2571530920716345, -61.709326402753625, -20.0, -20.0, -20.0
-2.9177481495820263, 2.5609272768378535, -0.5512113109714762, -12.954311694292102, 6.240831253780162, -62.183233044222774, -20.0, -20.0, -20.0
-2.924206139942695, 2.564042996607166, -0.5824208872008687, -12.877649748383188, 6.22204782346858, -62.655071873347104, -20.0, -20.0, -20.0
-2.930625169504706, 2.5671486980824088, -0.6138658808604343, -12.798468499659503, 6.200758077502217, -63.12490276491488, -20.0, -20.0, -20.0
-2.937003966384605, 2.5702431172725917, -0.6455453070195238, -12.71671901993692, 6.176918683228789, -63.59280187144328, -20.0, -20.0, -20.0
-2.9433412332128537, 2.573324968786692, -0.6774582229561025, -12.632348293057033, 6.15048737317376, -64.05886187487116, -20.0, -20.0, -20.0
-2.9496356449550696, 2.576392946274743, -0.7096037364799231, -12.545298675806478, 6.121422579028582, -64.52319222041152, -20.0, -20.0, -20.0
-2.9558858464532514, 2.579445722675891, -0.7419810143706982, -12.455507316921153, 6.089683025563472, -64.98591934268887, -20.0, -20.0, -20.0
-2.9620904496650575, 2.582481950253383, -0.7745892909302, -12.362905530302786, 6.055227284405863, -65.44718689531854, -20.0, -20.0, -20.0
-2.96824803057709, 2.5855002603963193, -0.8074278766530458, -12.267418117828615, 6.018013287338118, -65.90715599606477, -20.0, -20.0, -20.0
-2.974357125765618, 2.5884992631677486, -0.8404961670272262, -12.168962636281105, 5.977997798379464, -66.36600550065663, -20.0, -20.0, -20.0
-2.980416228575176, 2.5914775465781994, -0.8737936514822067, -12.067448601952622, 5.935135843423208, -66.82393231926552, -20.0, -20.0, -20.0
-2.986423784882008, 2.5944336755629545, -0.9073199225096684, -11.962776625376332, 5.889380095596871, -67.28115179058138, -20.0, -20.0, -20.0
-2.992378188405198, 2.5973661906403023, -0.9410746849896622, -11.854837467383547, 5.840680213794809, -67.73789812939368, -20.0, -20.0, -20.0
-2.998277775523612, 2.6002736062264993, -0.9750577657631665, -11.743511006270717, 5.788982130994026, -68.19442496462341, -20.0, -20.0, -20.0
-3.004120819551243, 2.603154408581247, -1.0092691235007962, -11.628665104254624, 5.734227287996463, -68.65100598589531, -20.0, -20.0, -20.0
-3.009905524417201, 2.60600705335503, -1.043708858926777, -11.510154359577564, 5.676351807135541, -69.10793571802778, -20.0, -20.0, -20.0
-3.0156300176892374, 2.608829962706621, -1.0783772254673551, -11.387818728567716, 5.6152855992293285, -69.56553044428509, -20.0, -20.0, -20.0
-3.0212923428712877, 2.6116215219553394, -1.1132746404036578, -11.2614819996333, 5.5509513956435566, -70.02412930092562, -20.0, -20.0, -20.0
-3.026890450895831, 2.6143800757281825, -1.1484016966207702, -11.130950098540852, 5.483263695728697, -70.48409556752428, -20.0, -20.0, -20.0
-3.032422190720808, 2.6171039235566393, -1.1837591750575964, -10.9960092013659, 5.412127618098857, -70.94581817978028, -20.0, -20.0, -20.0
-3.0378852989281944, 2.619791314871716, -1.2193480579760578, -10.856423628179833, 5.337437642208147, -71.40971349406571, -20.0, -20.0, -20.0
-3.0432773882069464, 2.622440443338377, -1.2551695431835326, -10.711933486827785, 5.2590762244354545, -71.87622733583295, -20.0, -20.0, -20.0
-3.0485959345866664, 2.625049440462085, -1.291225059359282, -10.562252032052202, 5.176912270398824, -72.34583736716498, -20.0, -20.0, -20.0
-3.0538382632698653, 2.6276163683903055, -1.327516282654115, -10.407062700743678, 5.090799442482584, -72.81905581216692, -20.0, -20.0, -20.0
-3.05900153288988, 2.6301392118205733, -1.3640451547527686, -10.246015779316348, 5.000574278588254, -73.296432582448, -20.0, -20.0, -20.0
-3.064082717998269, 2.63261586891396, -1.4008139026104875, -10.078724654239313, 4.906054094957196, -73.7785588484284, -20.0, -20.0, -20.0
-3.06907858955979, 2.6350441410983616, -1.4378250600989173, -9.904761591845942, 4.807034642650277, -74.2660711052908, -20.0, -20.0, -20.0
-3.0739856932050245, 2.6374217216300426, -1.475081491821376, -9.72365298909232, 4.703287484073924, -74.75965578454392, -20.0, -20.0, -20.0
-3.0788003249606977, 2.6397461827643354, -1.512586419383147, -9.534874033599952, 4.594557053097623, -75.2600544625409, -20.0, -20.0, -20.0
-3.0835185041466304, 2.6420149613676798, -1.5503434504274374, -9.33784271013143, 4.4805573602801125, -75.7680697146201, -20.0, -20.0, -20.0
-3.088135943097467, 2.6442253427838125, -1.5883566107700626, -9.131913093215864, 4.360968304249958, -76.28457165588053, -20.0, -20.0, -20.0
-3.0926480133393746, 2.646374442748006, -1.6266303799825537, -8.916367874413691, 4.235431552523543, -76.81050519408402, -20.0, -20.0, -20.0
-3.097049707830825, 2.648459187126577, -1.665169730779204, -8.690410091386594, 4.103545961758835, -77.34689799251703, -20.0, -20.0, -20.0
-3.1013355988686824, 2.650476289247346, -1.7039801725509738, -8.453154060043774, 3.964862521318476, -77.89486909456258, -20.0, -20.0, -20.0
-3.10549979127588, 2.652422224584943, -1.7430677993466306, -8.203615568747034, 3.8188788290697575, -78.45563808806494, -20.0, -20.0, -20.0
-3.1095358705397786, 2.654293202579845, -1.7824393425119194, -7.940701486847127, 3.665033150537357, -79.03053457309004, -20.0, -20.0, -20.0
-3.113436845682993, 2.6560851354126194, -1.8221022280358226, -7.663199086010703, 3.5026981805604485, -79.6210075225225, -20.0, -20.0, -20.0
-3.117195086853631, 2.6577936036410197, -1.862064638382607, -7.36976559654144, 3.3311747330406933, -80.22863386461479, -20.0, -20.0, -20.0
-3.12080225796691, 2.659413818761009, -1.902335578157207, -7.0589188565745316, 3.1496857469161235, -80.85512523378547, -20.0, -20.0, -20.0
-3.1242492452825767, 2.6609405830076, -1.9429249422862724, -6.72903040609342, 2.957371239448722, -81.5023312824756, -20.0, -20.0, -20.0
-3.1275260836566225, 2.662368247115755, -1.983843584397428, -6.378323090089036, 2.7532851931701874, -82.17223716214717, -20.0, -20.0, -20.0
-3.1306218834884496, 2.663690667381406, -2.025103381612012, -6.00487623721885, 2.5363958694347213, -82.86695169618908, -20.0, -20.0, -20.0
-3.1335247632589485, 2.6649011642841067, -2.066717289865172, -5.6066428447770615, 2.3055917413687754, -83.58868131645137, -20.0, -20.0, -20.0
-3.13622179521386, 2.6659924862605133, -2.1086993809416326, -5.181484974869613, 2.059696164257144, -84.33968298939104, -20.0, -20.0, -20.0
-3.1386989753859877, 2.6669567840631103, -2.1510648484866954, -4.727235713641264, 1.7974950461304227, -85.12218719086076, -20.0, -20.0, -20.0
-3.140941233897817, 2.667785603586181, -2.1938299652339097, -4.241798333676081, 1.5177830461511044, -85.93827979799559, -20.0, -20.0, -20.0
3.1402527999187653, 2.668469908079232, -2.2370119677510445, -3.7232951183402014, 1.2194349260523956, -86.78973027054425, -20.0, -20.0, -20.0
3.13852940653731, 2.669000144060491, -2.2806288388422185, -3.170278407479612, 0.9015089989844212, -87.67775409415093, -20.0, -20.0, -20.0
3.1370913337688293, 2.669366368330731, -2.3246989529844435, -2.582012666443985, 0.5633880819740275, -88.60270247474976, -20.0, -20.0, -20.0
3.135956124168427, 2.669558454948666, -2.369240549819652, -1.9588257351656848, 0.20495838976666636, -89.56368486608379, -20.0, -20.0, -20.0
3.135140791047514, 2.6695663987208724, -2.4142710093162285, -1.3025067484854385, -0.17318330094134798, -90.55815312022133, -20.0, -20.0, -20.0
3.134660990213743, 2.669380722930455, -2.4598059251533506, -0.6166965865998919, -0.569519860728712, -91.58151022826733, -20.0, -20.0, -20.0
3.1345300212218543, 2.6689929813279205, -2.505858013999502, 0.09282061904518468, -0.9814465494089291, -92.62684515633853, -20.0, -20.0, -20.0
3.1347577373675275, 2.6683963179487926, -2.5524359554714353, 0.8180439636480268, -1.405206967102731, -93.68492073139514, -20.0, -20.0, -20.0
3.135349501495783, 2.6675860182261064, -2.599543317583839, 1.5490125493730968, -1.8359919236422606, -94.74452771821944, -20.0, -20.0, -20.0
3.1363053653283437, 2.6665599622330105, -2.6471777606473452, 2.274442780870714, -2.268232048741333, -95.79324453580637, -20.0, -20.0, -20.0
3.137619646846182, 2.6653188894648476, -2.695330701024833, 2.982683290481464, -2.6960590239099695, -96.81851697414422, -20.0, -20.0, -20.0
3.139281018723789, 2.663866412649929, -2.7439875417985222, 3.6628042199474984, -3.113848235765574, -97.8088461206124, -20.0, -20.0, -20.0
3.1412731135673195, 2.662208770474926, -2.793128457220103, 4.305575154173551, -3.5167204642461325, -98.75481556571047, -20.0, -20.0, -20.0
-3.1396097693582394, 2.660354366880927, -2.842729596051576, 4.904121861936343, -3.9008939117507273, -99.64973976018139, -20.0, -20.0, -20.0
-3.1370201970986336, 2.658313185153116, -2.892764492923727, 5.45416717648685, -4.263832999492763, -100.48984772842269, -20.0, -20.0, -20.0
-3.1341681823088607, 2.656096175449658, -2.9432054694069394, 5.953891982603551, -4.604205814339863, -101.27405820442829, -20.0, -20.0, -20.0
-3.131078824707913, 2.6537146971920493, -2.9940248565275325, 6.403538421187295, -4.921707216095635, -102.00349027794383, -20.0, -20.0, -20.0
-3.127776715470031, 2.6511800659542404, -3.045195946449865, 6.804898530340491, -5.216817735140892, -102.68086941138624, -20.0, -20.0, -20.0
-3.12428528977715, 2.6485032223403637, -3.0966936521617194, 7.160804241183881, -5.4905567203655465, -103.30995343603264, -20.0, -20.0, -20.0
-3.120626416555257, 2.645694516607496, -3.1484949030899547, 7.474688646387008, -5.744266211104164, -103.89505027690909, -20.0, -20.0, -20.0
-3.116820182776702, 2.642763589750237, -3.200578828893515, 7.750246467833671, -5.979441217932781, -104.4406529373323, -20.0, -20.0, -20.0
-3.112884822819433, 2.639719327520543, -3.252926788938396, 7.991193361242056, -6.197607700843865, -104.95118724219148, -20.0, -20.0, -20.0
-3.108836747171442, 2.6365698651229943, -3.3055222990661557, 8.2011092307209, -6.400241889350802, -105.43085326884798, -20.0, -20.0, -20.0
-3.104690633333479, 2.6333226241778274, -3.3583508967528055, 8.383346121130852, -6.588721891317575, -105.88353747775197, -20.0, -20.0, -20.0
-3.100459551258186, 2.6299843680321775, -3.411399974719397, 8.540982180041292, -6.764302691281089, -106.31277438861345, -20.0, -20.0, -20.0
-3.096155104100321, 2.6265612655936255, -3.4646586035050198, 8.676806451419464, -6.928107062927537, -106.72174075387653, -20.0, -20.0, -20.0
-3.091787571733231, 2.6230589571613434, -3.518117356090653, 8.793323016940278, -7.081126666200552, -107.11326958865743, -20.0, -20.0, -20.0
-3.087366049390068, 2.619482618193835, -3.5717681422966234, 8.892766355712956, -7.224229203833684, -107.48987523522405, -20.0, -20.0, -20.0
-3.0828985771880113, 2.6158370186911126, -3.6256040570070938, 8.97712245251303, -7.358168807055687, -107.8537836066577, -20.0, -20.0, -20.0
-3.0783922585388828, 2.612126577042023, -3.679619243885278, 9.04815214400057, -7.4835977893019745, -108.20696390607819, -20.0, -20.0, -20.0
-3.07385336686186, 2.6083554079456066, -3.733808774762783, 9.107414564089607, -7.601078596363461, -108.55115960394193, -20.0, -20.0, -20.0
-3.0692874408528796, 2.604527364482925, -3.78816854402448, 9.156289471831712, -7.711095254362252, -108.88791744284553, -20.0, -20.0, -20.0
-3.0646993690241686, 2.6006460746863715, -3.8426951768531192, 9.195997843011542, -7.814063931852044, -109.2186138717112, -20.0, -20.0, -20.0
-3.0600934644434714, 2.5967149730942856, -3.8973859499964485, 9.227620479776837, -7.910342436492641, -109.54447870160531, -20.0, -20.0, -20.0
-3.0554735306697807, 2.592737327836295, -3.9522387236732275, 9.252114614986985, -8.00023859547017, -109.86661600551088, -20.0, -20.0, -20.0
-3.050842919863029, 2.588716263800609, -4.007251883277375, 9.270328612019751, -8.084017547274016, -110.1860224110805, -20.0, -20.0, -20.0
-3.0462045839793803, 2.5846547824093085, -4.062424289629437, 9.28301492257578, -8.16190801792843, -110.5036029971684, -20.0, -20.0, -20.0
-3.0415611198765533, 2.5805557784850786, -4.117755236635494, 9.290841488733143, -8.234107678991426, -110.8201850270608, -20.0, -20.0, -20.0
-3.036914809060125, 2.576422054641498, -4.173244415329778, 9.294401776979326, -8.300787695330284, -111.13652975007436, -20.0, -20.0, -20.0
-3.0322676527105434, 2.5722563335744244, -4.228891883389505, 9.29422362134781, -8.362096572963244, -111.45334248883307, -20.0, -20.0, -20.0
-3.027621402546093, 2.5680612685775683, -4.284698039313812, 9.290777036454333, -8.418163414461501, -111.77128120839606, -20.0, -20.0, -20.0
-3.022977588001233, 2.563839452553023, -4.340663600550736, 9.284481142984623, -8.469100683721193, -112.09096373930002, -20.0, -20.0, -20.0
-3.018337540132934, 2.5595934257383997, -4.396789584935993, 9.275710330210797, -8.515006574772181, -112.41297380172735, -20.0, -20.0, -20.0
-3.0137024126094962, 2.555325682326801, -4.453077294874842, 9.264799763541872, -8.555967071621023, -112.73786595366802, -20.0, -20.0, -20.0
-3.0090732000860037, 2.5510386761142647, -4.509528303753957, 9.252050330428304, -8.592057778525408, -113.06616956279086, -20.0, -20.0, -20.0
-3.004450754227088, 2.5467348252714013, -4.5661444441146894, 9.237733105234115, -8.623345592927487, -113.39839188013882, -20.0, -20.0, -20.0
-2.9998357976000714, 2.542416516301489, -4.622927797153204, 9.222093402832725, -8.649890286722297, -113.73502027391828, -20.0, -20.0, -20.0
-2.9952289356290063, 2.538086107215894, -4.679880683137615, 9.205354481427381, -8.671746055658813, -114.07652366372511, -20.0, -20.0, -20.0
-2.9906306667718634, 2.5337459299291276, -4.737005652348478, 9.18772094714481, -8.688963091406567, -114.42335317973024, -20.0, -20.0, -20.0
-2.9860413910585804, 2.529398291849773, -4.794305476157888, 9.169381905987759, -8.701589226012514, -114.77594205790966, -20.0, -20.0, -20.0
-2.9814614171064706, 2.525045476619802, -4.851783137865303, 9.15051390245108, -8.709671693870774, -115.13470477175235, -20.0, -20.0, -20.0
-2.9768909677113036, 2.5206897439334357, -4.9094418229066354, 9.131283678216482, -8.713259051593615, -115.50003539357736, -20.0, -20.0, -20.0
-2.972330184097105, 2.5163333283478164, -4.967284908048876, 9.11185077857692, -8.712403290883536, -115.87230517538603, -20.0, -20.0, -20.0
-2.967779128895369, 2.511978436981804, -5.0253159491779735, 9.092370028365682, -8.707162173165164, -116.25185934100297, -20.0, -20.0, -20.0
-2.9632377879150327, 2.507627245986817, -5.083538667285532, 9.072993892979689, -8.697601806782945, -116.63901308922773, -20.0, -20.0, -20.0
-2.9587060707584265, 2.5032818956657676, -5.141956932263603, 9.053874733444902, -8.683799477414759, -117.03404682305822, -20.0, -20.0, -20.0
-2.9541838103357403, 2.4989444841140602, -5.2005747441303685, 9.0351669573, -8.66584672941534, -117.43720064400421, -20.0, -20.0, -20.0
-2.9496707613315656, 2.4946170592618078, -5.2593962113374175, 9.017029059398345, -8.643852679595067, -117.84866818419077, -20.0, -20.0, -20.0
-2.9451665976820394, 2.4903016092106207, -5.3184255258567354, 8.999625538706269, -8.617947525153543, -118.26858989307937, -20.0, -20.0, -20.0
-2.9406709091300787, 2.4860000507832987, -5.3776669348175625, 8.98312866913634, -8.588286184134219, -118.69704595022975, -20.0, -20.0, -20.0
-2.936183196939062, 2.481714216242183, -5.437124708565001, 8.967720094929296, -8.555051980329004, -119.1340490395234, -20.0, -20.0, -20.0
-2.931702868861619, 2.4774458381830606, -5.496803105147655, 8.953592214843207, -8.518460256160242, -119.57953729109066, -20.0, -20.0, -20.0
-2.927229233479059, 2.4731965326768695, -5.556706331413016, 8.940949315397754, -8.478761768605068, -120.03336777035513, -20.0, -20.0, -20.0
-2.9227614940470086, 2.4689677808103494, -5.616838501096231, 8.930008412802508, -8.43624569747501, -120.4953109625027, -20.0, -20.0, -20.0
-2.9182987420020106, 2.4647609088669986, -5.677203590525993, 8.920999767189176, -8.391242075927765, -120.96504675654505, -20.0, -20.0, -20.0
-2.91383995029959, 2.460577067486967, -5.737805392831516, 8.91416704249398, -8.344123444199118, -121.442162465545, -20.0, -20.0, -20.0
-2.9093839667635657, 2.456417210242511, -5.7986474718022505, 8.909767101603864, -8.295305533623932, -121.92615341739388, -20.0, -20.0, -20.0
-2.904929507625811, 2.4522820721558523, -5.859733116807497, 8.908069449416347, -8.24524681301163, -122.4164266035939, -20.0, -20.0, -20.0
-2.9004751514220404, 2.4481721487586072, -5.921065300402057, 8.909355365664766, -8.194446775968034, -122.91230777464294, -20.0, -20.0, -20.0
-2.8960193333798436, 2.44408767633557, -5.982646640400223, 8.913916803122305, -8.143442916180835, -123.4130522180238, -20.0, -20.0, -20.0
-2.8915603403884402, 2.4400286140001826, -6.044479368268229, 8.92205516249074, -8.09280642536818, -123.91785925399839, -20.0, -20.0, -20.0
-2.8870963065754554, 2.435994628206464, -6.1065653056440805, 8.9340800894482, -8.04313674950455, -124.42589024940767, -20.0, -20.0, -20.0
-2.8826252094360605, 2.4319850802081047, -6.168905850632078, 8.950308468130917, -7.9950552439342815, -124.93628970258233, -20.0, -20.0, -20.0
-2.8781448663677374, 2.4279990168306753, -6.231501975238036, 8.971063805161002, -7.949198265782785, -125.44820872124991, -20.0, -20.0, -20.0
-2.8736529313648016, 2.4240351647339913, -6.294354234925815, 8.996676206582471, -7.906210120953716, -125.9608300298664, -20.0, -20.0, -20.0
-2.8691468915267246, 2.420091928120538, -6.357462790815741, 9.027483145725462, -7.866736332859359, -126.4733935298376, -20.0, -20.0, -20.0
-2.864624062939271, 2.4161673896087197, -6.420827444551739, 9.063831204087625, -7.831417714414007, -126.98522141415192, -20.0, -20.0, -20.0
-2.860081585402544, 2.412259313754529, -6.484447685383659, 9.106078942821213, -7.8008857023485785, -127.49574191352785, -20.0, -20.0, -20.0
-2.855516415408347, 2.408365152489505, -6.548322748591359, 9.154601033966745, -7.775759357747901, -128.00451091727575, -20.0, -20.0, -20.0
-2.8509253167114417, 2.4044820515605863, -6.612451684058027, 9.20979375365391, -7.756644357926849, -128.51123094939553, -20.0, -20.0, -20.0
-2.8463048477931516, 2.4006068569174377, -6.676833433610644, 9.272081919505585, -7.74413421466731, -129.015767261071, -20.0, -20.0, -20.0
-2.841651345476803, 2.396736119897312, -6.741466915699228, 9.34192734589003, -7.738813865836367, -129.5181610932687, -20.0, -20.0, -20.0
-2.836960903916256, 2.39286610000241, -6.8063511160820225, 9.419838896296657, -7.741265713770903, -130.0186404379076, -20.0, -20.0, -20.0
-2.832229348133995, 2.388992764040488, -6.871485183406287, 9.506384232747354, -7.752078133915825, -130.51762885915304, -20.0, -20.0, -20.0
-2.8274522012267203, 2.3851117803929007, -6.936868528899032, 9.602203396350449, -7.771856456433819, -131.01575311182373, -20.0, -20.0, -20.0
-2.822624644278373, 2.381218507170567, -7.002500929777844, 9.708024397037402, -7.801236432901436, -131.51385040342885, -20.0, -20.0, -20.0
-2.8177414679197006, 2.3773079730032065, -7.068382636425478, 9.824681037652836, -7.840900236540486, -132.0129761871065, -20.0, -20.0, -20.0
-2.8127970143508514, 2.373374849168986, -7.134514483808053, 9.953133237743476, -7.891595100342832, -132.51441334319443, -20.0, -20.0, -20.0
-2.807785108506415, 2.369413411703627, -7.200898008019281, 10.094490140001488, -7.95415476109341, -133.01968350171643, -20.0, -20.0, -20.0
-2.8026989769081703, 2.3654174920306144, -7.267535569159781, 10.250036252977548, -8.029523930957655, -133.53056106028342, -20.0, -20.0, -20.0
-2.797531152652733, 2.3613804145390738, -7.3344304819564, 10.421260768771942, -8.118786035205346, -134.0490901261949, -20.0, -20.0, -20.0
-2.792273364977377, 2.3572949194319603, -7.401587155511059, 10.60988993265099, -8.223194393249164, -134.57760409244065, -20.0, -20.0, -20.0
-2.7869164120350476, 2.3531530691299207, -7.469011243218119, 10.81792183666581, -8.344206814910082, -135.11874673579624, -20.0, -20.0, -20.0
-2.781450016047491, 2.348946136643348, -7.536709803009999, 11.047662113561541, -8.48352313138119, -135.67549243172718, -20.0, -20.0, -20.0
-2.7758626611436585, 2.3446644747801435, -7.604691466384938, 11.301757501768007, -8.643124321436686, -136.25116106802756, -20.0, -20.0, -20.0
-2.7701414163102984, 2.3402973661016526, -7.672966611695397, 11.583221831673153, -8.825310392526914, -136.84942017380888, -20.0, -20.0, -20.0
-2.764271749536695, 2.3358328555760393, -7.741547532306262, 11.895445262740784, -9.032731709926747, -137.47426226965072, -20.0, -20.0, -20.0
-2.7582373451737086, 2.331257571486859, -7.810448582661329, 12.242172189203732, -9.268404646794147, -138.12993915061668, -20.0, -20.0, -20.0
-2.752019945636752, 2.326556546095381, -7.8796862741392175, 12.627425958623526, -9.535696919117832, -138.82082676093793, -20.0, -20.0, -20.0
-2.745599251650203, 2.321713056662226, -7.949279277217913, 13.055349987572816, -9.83826081350245, -139.55118555384618, -20.0, -20.0, -20.0
-2.738952932322613, 2.3167085202560047, -8.01924826735436, 13.529927322785056, -10.179884811382587, -140.32477499194422, -20.0, -20.0, -20.0
-2.732056815569871, 2.3115224917649675, -8.089615532141364, 14.054539688185006, -10.564229152766266, -141.1442841560716, -20.0, -20.0, -20.0
-2.724885345018626, 2.3061328306175333, -8.160404244464962, 14.631342516793975, -10.994415436969865, -142.01056513831603, -20.0, -20.0, -20.0
-2.7174123899990494, 2.3005161105764214, -8.231637314839194, 15.260477561513477, -11.472464727478384, -142.92171635861487, -20.0, -20.0, -20.0
-2.7096124635841776, 2.294648336280438, -8.303335785373227, 15.939228097974324, -11.998632456454319, -143.87216577751764, -20.0, -20.0, -20.0
-2.7014623238912843, 2.2885059858678534, -8.375516833732403, 16.6613306735984, -12.570769193884997, -144.85202765919087, -20.0, -20.0, -20.0
-2.6929428064427023, 2.282067315127887, -8.448191611258594, 17.416739120730124, -13.183913765980076, -145.8470824455712, -20.0, -20.0, -20.0
-2.6840405951952238, 2.2753137519065927, -8.521363296220422, 18.19210586918382, -13.830339119196655, -146.83965740174364, -20.0, -20.0, -20.0
-2.6747495573283246, 2.2682311253337017, -8.595025813922735, 18.972045598412215, -14.500167172366497, -147.81041340751224, -20.0, -20.0, -20.0
-2.6650713122707947, 2.2608104680490513, -8.669163583086434, 19.740934631707173, -15.182461966234504, -148.74066324728093, -20.0, -20.0, -20.0
-2.655014889829877, 2.25304822496462, -8.743752395331542, 20.484755131965038, -15.866510371489797, -149.6145857331578, -20.0, -20.0, -20.0
-2.6445955803111088, 2.244945863436123, -8.81876122761856, 21.192482943107727, -16.54293574249876, -150.42074341491275, -20.0, -20.0, -20.0
-2.63383327400811, 2.2365090304627357, -8.894154570401929, 21.85674226888759, -17.20439615105073, -151.15262771855913, -20.0, -20.0, -20.0
-2.622750651313923, 2.2277464791659067, -8.96989480936639, 22.473748507860012, -17.84580903626463, -151.8083281392865, -20.0, -20.0, -20.0
-2.611371523432498, 2.2186689768603878, -9.0459443038315, 23.042763017840517, -18.464200185810718, -152.38964972115397, -20.0, -20.0, -20.0
-2.599719499547324, 2.209288342188496, -9.122266974648225, 23.565332522855993, -19.058338501756044, -152.9010335457419, -20.0, -20.0, -20.0
-2.5878170347497966, 2.19961668187561, -9.198829367845304, 24.044526667252065, -19.62830274978817, -153.34853924257624, -20.0, -20.0, -20.0
-2.5756848296736967, 2.1896658371699727, -9.275601258183626, 24.484293637146823, -20.175076072760643, -153.7390221107113, -20.0, -20.0, -20.0
-2.5633415125047545, 2.1794470147333547, -9.352555898323072, 24.888975038621656, -20.700213673711964, -154.07953844707217, -20.0, -20.0, -20.0
-2.5508035254306956, 2.168970562801498, -9.429670022015271, 25.262973257613396, -21.205594053713703, -154.37695632172654, -20.0, -20.0, -20.0
-2.5380851462843204, 2.158245852899281, -9.506923692853702, 25.610543327886866, -21.69324555515581, -154.63772703199464, -20.0, -20.0, -20.0
-2.5251985912197927, 2.1472812332609457, -9.584300067307051, 25.9356769302237, -22.165232998185086, -154.86777078140454, -20.0, -20.0, -20.0
-2.51215415952196, 2.13608402782305, -9.661785119378102, 26.242049861108317, -22.623588753398096, -155.07243750280165, -20.0, -20.0, -20.0
-2.4989603943873298, 2.12466056188725, -9.739367357118523, 26.533010677412555, -23.070274989801586, -155.25651345888406, -20.0, -20.0, -20.0
-2.4856242430926403, 2.113016201394779, -9.817037548769042, 26.81159450134538, -23.507166980081514, -155.42425314318834, -20.0, -20.0, -20.0
-2.4721512066898055, 2.101155397085556, -9.894788467806682, 27.08055110999366, -23.936050256811733, -155.57942300737255, -20.0, -20.0, -20.0
-2.458545473848795, 2.0890817278334617, -9.972614660710327, 27.342380254048262, -24.358626751565073, -155.72534860721098, -20.0, -20.0, -20.0
-2.4448100363289136, 2.0767979394503517, -10.05051223791739, 27.599369825477023, -24.776526780874907, -155.8649602210387, -20.0, -20.0, -20.0
-2.4309467852988447, 2.0643059765155343, -10.128478686536248, 27.85363429479894, -25.19132495839416, -156.00083425439172, -20.0, -20.0, -20.0
-2.4169565887202333, 2.051607005542815, -10.206512702389396, 28.107152019645625, -25.604558932484476, -156.13522915820255, -20.0, -20.0, -20.0
-2.402839350518116, 2.038701428213123, -10.284614038536258, 28.36180078882326, -26.017750386283335, -156.27011542924203, -20.0, -20.0, -20.0
-2.3885940524570053, 2.025588883595112, -10.362783367325791, 28.619391455619397, -26.432428085759433, -156.40719972888883, -20.0, -20.0, -20.0
-2.374218779635622, 2.0122682383260266, -10.441022153105129, 28.88169982991544, -26.850152990583172, -156.54794338846187, -20.0, -20.0, -20.0
-2.3597107303766274, 1.9987375636776237, -10.519332532867683, 29.150497206062393, -27.272545603028682, -156.69357566175486, -20.0, -20.0, -20.0
-2.345066211063934, 1.9849940983129546, -10.597717202309031, 29.427580044711085, -27.701315855647277, -156.8451021036403, -20.0, -20.0, -20.0
-2.330280616195364, 1.9710341953612966, -10.676179304945723, 29.71479942956841, -28.13829595098406, -157.00330844312612, -20.0, -20.0, -20.0
-2.3153483935870747, 1.9568532522036657, -10.7547223221346, 30.014091003589062, -28.585476679539575, -157.16876031238127, -20.0, -20.0, -20.0
-2.3002629942941235, 1.9424456210678516, -10.833349962016221, 30.327506168215102, -29.045047863716718, -157.34179921410075, -20.0, -20.0, -20.0
-2.285016806397795, 1.9278044981740259, -10.912066045614111, 30.657245417099002, -29.519443711585673, -157.52253517745663, -20.0, -20.0, -20.0
-2.2696010713470685, 1.9129217887408059, -10.9908743885796, 31.005694785806853, -30.011394021294592, -157.71083668449828, -20.0, -20.0, -20.0
-2.2540057810138783, 1.8977879446444148, -11.069778677415599, 31.375466546954748, -30.52398236426934, -157.9063186594916, -20.0, -20.0, -20.0
-2.2382195530056737, 1.8823917709012146, -11.148782339484757, 31.769445485863734, -31.060712608531933, -158.10832961714536, -20.0, -20.0, -20.0
-2.222229481038815, 1.8667201963870437, -11.227888406757327, 32.19084238157163, -31.625585448151792, -158.3159394731296, -20.0, -20.0, -20.0
